ffmq_1,ffmq_2,ffmq_3,ffmq_4,ffmq_5,ffmq_6,ffmq_7,ffmq_8,ffmq_9,ffmq_10,ffmq_11,ffmq_12,ffmq_13,ffmq_14,ffmq_15,ffmq_16,ffmq_17,ffmq_18,ffmq_19,ffmq_20,ffmq_21,ffmq_22,ffmq_23,ffmq_24,ffmq_25,ffmq_26,ffmq_27,ffmq_28,ffmq_29,ffmq_30,ffmq_31,ffmq_32,ffmq_33,ffmq_34,ffmq_35,ffmq_36,ffmq_37,ffmq_38,ffmq_39
3,3,2,3,2,3,2,4,4,3,3,4,3,3,2,3,3,3,3,3,3,4,3,3,3,3,2,3,2,3,3,2,2,2,3,4,3,3,3
2,3,4,3,4,2,3,3,3,4,2,4,4,2,2,3,4,3,2,2,2,4,5,2,3,2,3,3,2,3,2,4,3,2,4,4,2,3,4
3,3,4,4,3,3,2,3,2,3,3,3,4,2,3,3,3,3,3,3,2,2,3,3,3,3,3,3,3,2,3,3,4,2,3,4,2,3,2
3,3,3,4,3,2,3,2,2,3,3,4,3,4,2,3,3,2,4,3,3,4,3,3,2,4,4,4,3,3,3,4,2,3,3,4,2,3,3
4,1,4,2,1,2,1,2,2,2,5,1,2,3,3,1,3,2,4,2,2,2,3,2,3,5,1,2,1,3,3,2,1,2,4,3,2,2,4
3,4,4,4,2,3,4,3,4,4,4,4,2,4,4,4,4,2,4,3,4,2,4,4,4,4,4,2,4,4,3,4,4,2,2,4,4,2,4
5,2,4,4,2,3,2,2,3,2,2,1,4,4,1,3,3,2,3,1,2,2,2,2,2,4,3,3,3,5,5,2,2,3,2,3,2,2,1
3,4,2,4,4,3,4,4,2,3,4,4,4,2,4,4,2,4,4,4,2,3,2,3,3,4,4,2,3,2,4,4,2,3,2,4,4,3,3
3,1,3,2,1,3,3,1,2,3,3,1,1,3,3,1,2,1,2,4,2,2,3,5,3,4,1,3,2,3,4,4,2,3,3,3,3,2,4
1,4,3,3,3,4,4,4,2,3,3,4,3,2,4,4,2,3,3,3,4,4,3,2,2,4,4,3,3,2,4,4,2,3,3,3,4,2,3
3,2,4,2,4,2,2,2,3,4,3,2,2,4,2,4,4,2,3,4,4,4,4,2,3,2,2,3,2,4,2,2,2,3,4,4,3,2,3
3,2,2,3,2,2,2,2,3,2,3,2,2,3,3,3,3,2,3,3,3,2,4,3,2,2,3,3,2,4,2,2,2,3,3,3,3,2,2
2,4,2,4,1,2,4,2,3,3,4,4,1,3,4,4,3,2,2,4,4,4,3,3,3,4,4,4,4,3,4,4,3,3,3,4,4,4,4
5,5,4,5,4,5,5,4,5,4,5,4,4,4,5,5,1,4,4,4,5,5,4,4,4,5,4,5,4,4,5,5,4,5,4,4,5,4,4
2,1,3,4,1,5,2,1,2,3,4,1,1,2,3,1,2,1,2,2,5,2,2,1,2,5,2,1,4,2,4,1,1,2,2,2,1,1,1
3,2,2,1,4,3,2,4,2,1,2,3,3,2,1,4,2,3,2,1,2,4,2,2,2,2,2,3,1,1,4,4,1,3,2,2,2,3,2
2,2,4,5,2,3,4,2,3,4,2,1,2,3,3,4,4,4,1,2,3,2,1,4,1,4,2,5,2,1,3,4,2,3,3,3,2,4,2
4,4,5,4,2,4,4,2,4,5,4,4,2,4,5,4,3,4,4,5,4,4,3,3,5,5,4,4,2,5,4,1,4,2,5,4,3,2,5
4,5,3,5,2,4,5,3,5,4,5,2,3,4,5,4,4,5,5,5,5,1,5,3,3,4,4,4,4,4,5,5,3,3,5,5,4,4,4
5,1,2,5,1,5,2,1,3,2,5,1,1,2,5,2,1,3,1,5,2,2,2,2,1,5,1,1,1,2,4,2,2,2,1,4,1,1,1
2,3,3,3,3,2,4,4,2,3,3,4,3,3,2,4,3,4,3,4,3,4,3,2,3,4,4,4,3,3,3,2,2,3,3,4,3,2,2
4,4,3,3,2,3,3,3,2,3,3,3,2,3,3,3,2,4,3,3,3,3,4,3,3,4,2,3,3,3,3,3,3,4,3,4,4,3,4
4,3,3,3,1,4,2,3,4,2,4,2,1,2,4,3,3,3,4,4,4,3,3,2,4,2,3,3,2,3,2,2,3,2,4,2,4,3,4
3,5,3,2,2,2,5,3,2,3,2,5,2,3,5,4,3,3,3,4,3,5,3,2,3,2,5,3,2,3,3,5,2,2,3,4,5,2,2
2,5,4,2,4,2,5,4,2,2,4,5,3,2,3,5,2,3,3,2,2,5,4,2,4,2,5,3,1,2,3,5,2,2,3,5,2,4,4
4,5,3,2,3,3,5,3,2,2,4,5,4,2,5,5,3,4,2,4,2,5,4,3,3,4,5,4,2,3,4,5,2,4,3,5,5,4,3
3,3,2,2,2,3,3,4,3,1,3,3,2,3,3,3,3,4,3,2,3,4,3,2,3,4,3,4,3,3,3,3,2,3,2,2,4,3,2
3,3,2,2,3,4,4,2,2,3,2,3,2,3,4,3,3,3,3,4,2,3,4,2,3,4,2,3,2,3,4,3,2,4,2,4,3,3,2
2,3,2,3,2,2,3,3,3,2,2,3,2,3,2,3,2,3,3,4,5,3,2,4,2,5,4,3,3,2,4,2,4,3,3,4,3,2,3
4,2,3,2,2,3,2,2,2,3,4,2,2,3,4,2,4,2,2,4,3,3,3,2,2,4,2,3,3,2,4,2,2,4,4,3,2,2,3
3,3,3,3,2,2,3,3,3,2,3,3,2,3,2,3,3,4,2,2,2,3,2,2,2,2,3,2,3,3,3,4,3,2,3,3,2,2,3
4,5,2,2,3,3,4,3,2,2,5,4,3,2,5,4,2,3,2,4,4,4,3,2,2,4,5,3,2,2,4,5,2,3,2,4,5,3,2
2,3,3,4,4,2,2,3,4,3,4,2,4,3,3,2,3,4,4,3,4,2,4,2,3,4,1,4,4,3,4,2,4,4,4,4,1,4,3
1,1,1,2,2,1,1,1,1,1,1,1,2,1,5,1,1,2,2,2,4,1,4,2,1,5,1,5,3,1,5,5,1,4,1,3,2,2,1
4,3,2,3,3,4,4,3,2,2,3,3,3,2,4,4,2,4,3,4,2,4,3,2,2,4,3,3,2,2,4,3,2,2,2,4,4,4,2
4,5,4,3,3,4,4,3,3,3,4,4,3,3,4,4,3,3,4,4,4,3,5,3,3,3,4,3,3,4,4,4,3,4,3,4,4,4,2
4,2,3,4,2,4,2,2,4,3,4,2,2,3,4,2,2,2,4,4,4,2,4,4,3,4,2,3,4,3,3,2,3,3,4,4,2,2,4
2,2,2,2,3,2,2,3,2,2,4,4,2,3,2,2,3,3,2,2,3,1,3,2,2,5,2,2,2,2,3,2,2,2,4,2,2,2,3
3,2,4,2,2,4,4,3,2,3,2,2,4,4,4,3,4,4,4,2,2,3,3,3,3,4,3,2,4,3,3,3,3,4,3,4,2,3,3
2,2,2,2,3,2,2,4,3,4,2,4,2,4,2,3,5,3,3,4,3,3,3,3,4,2,3,3,3,3,4,3,3,2,3,3,3,4,3
1,3,4,1,3,5,4,3,1,5,2,4,2,5,3,3,4,3,2,4,2,3,5,2,5,3,3,3,1,5,3,4,1,4,5,4,4,5,5
2,1,2,3,1,3,1,1,2,3,2,2,2,2,3,2,3,2,2,4,2,1,2,2,2,3,1,4,3,2,3,2,2,3,2,3,2,2,2
3,3,4,4,2,4,4,1,3,4,4,2,3,3,5,2,3,1,3,3,4,2,2,4,3,5,3,3,3,2,3,2,2,2,1,3,4,2,2
2,2,1,2,1,3,2,1,1,1,3,1,1,1,4,1,1,2,2,3,2,1,1,1,1,4,2,2,2,1,3,1,2,2,1,3,2,2,2
1,2,4,4,2,1,2,4,4,5,5,4,2,4,1,5,5,2,2,1,2,4,2,4,4,2,1,2,1,4,2,2,4,2,5,1,2,5,4
2,3,4,3,2,2,3,1,2,4,3,3,2,3,2,3,3,1,2,3,3,3,3,3,3,4,3,2,3,3,3,2,3,3,3,3,3,2,3
1,3,4,3,3,2,2,3,3,4,2,3,2,4,1,4,3,3,2,2,2,2,5,2,3,2,3,3,2,4,2,3,3,4,4,2,3,3,4
2,3,5,3,2,4,3,3,3,5,2,3,2,5,2,3,4,3,4,4,4,4,2,1,5,4,3,3,3,5,3,4,4,3,5,3,4,2,2
3,4,4,3,4,3,4,4,4,4,4,4,4,4,4,4,3,4,4,3,4,4,4,2,4,3,4,4,3,4,3,3,3,3,4,4,4,3,4
3,3,3,3,3,3,3,3,3,3,3,3,3,3,3,3,3,3,3,3,3,3,3,3,3,3,3,3,3,3,3,3,3,3,3,3,3,3,3
2,3,2,2,5,4,3,4,3,2,2,2,4,2,5,2,2,5,2,5,3,2,4,1,2,4,1,5,2,2,3,2,1,3,3,4,2,4,2
2,3,2,2,2,2,3,3,2,2,2,2,2,3,1,3,2,3,2,2,2,2,3,2,2,2,2,3,2,2,2,4,2,3,2,4,2,3,2
3,5,3,4,5,4,4,5,4,4,4,4,4,4,3,5,3,4,3,4,2,5,5,3,4,5,5,5,2,4,5,5,2,5,5,5,5,5,4
4,4,2,4,2,4,4,3,5,3,3,4,2,5,3,1,3,3,4,3,4,5,5,4,4,3,4,3,5,2,1,4,5,5,4,2,4,5,4
2,2,2,3,2,1,3,4,3,3,2,3,1,2,2,3,3,2,2,4,2,3,3,2,3,3,2,3,2,2,4,2,3,2,3,5,2,2,2
3,4,4,4,3,3,4,3,4,4,4,4,3,4,3,4,2,2,4,3,5,4,4,4,4,2,4,4,2,5,3,4,2,3,4,4,2,4,4
1,4,5,4,4,2,3,3,4,5,1,4,3,5,3,4,3,4,4,3,3,4,4,3,5,2,2,4,3,5,5,4,3,4,4,2,3,3,5
2,4,3,3,3,2,3,4,4,4,4,3,2,4,2,2,3,4,4,4,4,3,4,4,4,4,3,3,4,3,3,2,5,4,3,4,3,4,2
2,2,3,3,4,2,2,4,2,4,1,4,5,5,1,5,4,5,2,4,2,4,5,1,4,4,2,4,1,4,4,4,1,2,4,2,2,3,2
1,1,2,3,5,1,1,5,4,3,4,1,4,2,1,2,3,4,2,4,5,1,5,1,2,5,2,5,3,2,5,1,1,5,2,4,1,5,2
5,4,1,1,1,4,3,1,2,1,4,4,1,1,5,4,1,2,1,3,3,3,2,1,1,1,5,1,1,1,3,5,1,3,1,4,3,2,1
3,2,3,3,3,3,2,4,3,3,3,3,4,3,3,2,2,3,3,4,4,2,5,4,3,5,3,3,3,4,5,4,3,5,3,4,3,4,4
4,3,3,3,3,3,3,3,3,3,4,3,2,3,3,3,3,3,3,3,3,3,3,2,3,3,3,3,3,3,3,3,3,3,3,3,3,3,3
3,4,4,3,3,4,4,4,2,5,2,4,3,4,4,4,3,4,2,3,2,4,4,2,5,3,3,3,1,4,2,4,2,4,4,3,3,3,4
3,4,5,4,2,4,4,4,4,5,4,4,2,5,3,4,4,3,2,3,3,3,4,2,5,3,4,4,2,4,3,2,3,2,5,4,4,2,5
4,3,4,3,2,2,3,4,3,2,3,4,4,3,3,4,3,3,3,2,3,2,4,2,3,4,3,4,3,4,2,1,3,3,3,4,3,3,4
2,2,3,2,3,2,2,3,3,2,2,2,2,3,3,4,2,2,2,4,3,4,2,2,2,4,3,3,2,2,2,2,2,4,3,3,2,2,3
5,3,5,4,2,4,4,3,5,5,1,3,2,5,4,2,3,3,5,4,5,3,4,3,5,2,4,2,4,5,4,3,2,4,4,5,4,2,4
2,3,1,3,3,4,3,2,2,2,3,3,1,3,3,4,2,2,3,3,2,4,2,3,1,2,3,3,2,1,3,1,2,3,2,4,2,2,2
5,3,4,4,1,3,3,2,4,3,1,3,2,4,5,5,4,2,2,5,2,3,3,5,4,4,3,3,4,3,2,2,4,2,5,3,3,2,4
4,4,1,4,4,3,4,4,4,1,3,4,4,1,3,2,2,4,4,4,4,4,4,2,1,2,4,3,3,1,2,4,4,4,2,4,3,3,1
4,2,2,3,3,3,3,3,3,3,3,2,2,2,4,3,3,2,3,4,4,3,4,3,4,2,4,3,2,3,3,3,3,3,2,3,3,4,3
2,3,3,4,2,4,2,2,2,4,1,2,1,3,4,4,1,4,2,3,2,2,2,3,2,5,2,2,4,2,3,2,4,3,1,3,3,2,1
2,3,4,3,3,4,2,4,4,4,2,3,3,2,2,4,2,4,4,4,4,3,4,3,3,4,2,2,3,4,3,1,4,4,4,3,3,3,4
3,3,3,3,3,3,3,3,3,3,3,2,3,3,3,3,3,3,3,3,3,3,3,3,3,3,3,3,3,3,3,3,3,3,4,3,3,3,3
3,2,3,2,4,3,3,4,2,3,3,3,3,4,3,3,3,3,2,3,3,4,4,2,2,3,4,3,4,4,3,3,3,2,2,3,3,2,3
2,3,3,4,2,4,2,2,4,4,3,2,2,4,3,3,4,3,4,4,4,2,4,3,4,3,2,2,2,3,4,2,3,2,4,4,2,2,4
2,3,3,4,2,4,4,4,4,4,4,4,2,3,4,4,3,3,4,4,4,4,4,3,4,4,4,4,3,2,5,3,2,4,4,3,4,4,4
2,2,2,3,5,4,1,4,2,1,4,3,3,1,3,1,2,5,3,2,2,1,3,4,3,3,5,4,4,3,2,4,4,2,4,4,1,2,3
2,4,4,4,2,2,4,2,2,4,4,4,2,4,2,4,4,2,4,3,4,4,3,5,4,2,3,3,3,4,2,2,4,3,4,4,4,2,4
3,2,4,3,4,2,2,4,4,3,3,4,3,3,2,4,3,4,4,2,3,3,4,3,3,4,2,3,4,3,3,2,2,3,4,2,2,3,3
3,2,4,4,3,3,3,4,4,3,2,4,3,3,2,4,3,4,4,3,4,3,4,4,4,3,2,4,4,4,3,2,4,4,4,3,2,4,3
1,3,4,3,1,1,4,2,2,3,2,4,1,3,1,4,4,3,3,2,2,4,2,2,4,2,2,2,2,4,2,3,2,2,4,2,3,2,3
4,4,2,3,3,4,4,4,3,3,3,4,3,3,4,4,2,4,3,3,3,4,3,2,3,4,3,3,3,4,3,4,3,3,3,4,3,4,2
3,4,4,4,2,3,3,2,2,3,3,4,1,4,4,5,2,2,4,2,4,3,4,2,4,5,4,3,3,5,2,5,4,3,4,4,4,2,4
1,5,3,1,5,5,5,4,2,5,2,5,4,5,4,5,1,4,1,5,1,5,5,1,2,5,5,2,1,5,5,2,1,2,5,3,5,3,3
4,3,3,5,4,2,5,3,2,3,5,2,1,3,4,1,4,4,3,5,2,3,2,4,3,4,4,2,3,4,4,3,4,2,2,4,4,2,2
2,3,2,3,3,2,3,3,4,2,2,5,2,2,2,4,4,3,2,3,4,4,2,1,3,3,3,3,2,3,4,3,4,3,4,4,4,3,2
3,3,3,3,3,3,3,3,2,3,3,3,3,3,3,3,2,2,3,3,3,3,3,2,3,3,3,3,3,3,3,2,3,3,3,4,3,4,3
2,4,1,2,3,3,4,4,2,1,2,4,3,1,2,3,2,3,1,3,2,4,3,2,1,4,4,3,1,1,4,3,2,4,1,4,4,4,1
4,3,2,4,4,4,4,5,4,3,2,4,4,3,4,3,2,4,4,5,3,4,4,3,3,3,2,4,4,2,4,3,4,4,2,4,4,4,3
2,3,3,2,3,3,3,3,3,4,2,4,4,4,3,3,4,2,5,4,2,3,2,2,2,4,3,3,2,3,2,2,2,3,3,2,3,4,3
2,3,2,1,3,2,5,3,2,1,1,4,3,2,2,4,1,4,2,4,2,4,4,2,2,4,4,4,2,1,4,4,2,4,2,4,2,3,2
3,3,4,2,1,1,1,2,2,4,3,4,2,4,2,3,4,3,2,2,3,3,4,3,3,2,1,3,3,3,3,1,3,4,4,3,1,2,3
2,2,2,4,2,2,2,2,3,2,3,2,2,2,2,2,3,3,3,2,4,2,2,3,2,2,2,2,3,2,4,2,3,2,2,2,2,2,3
3,2,3,4,4,2,3,3,4,3,2,3,3,3,4,2,2,3,3,4,4,2,2,4,1,5,2,2,3,3,4,5,3,2,2,3,2,3,2
3,3,5,3,2,3,4,3,3,5,2,3,2,5,4,4,3,4,3,4,3,3,4,3,4,5,3,4,3,4,4,3,3,4,5,3,3,3,5
2,2,3,3,3,4,2,2,2,4,2,3,2,3,3,3,4,3,3,3,3,4,4,4,4,2,3,3,2,4,2,2,3,3,3,3,3,4,3
3,4,4,4,2,4,4,3,2,4,3,4,2,4,4,4,2,2,4,4,2,4,2,4,4,4,4,2,2,4,5,4,3,2,4,4,4,2,4
3,4,5,5,3,2,5,4,4,4,2,4,2,5,5,5,2,4,4,4,4,4,2,3,4,5,4,4,4,5,4,4,4,2,4,5,3,4,4
3,4,3,3,3,2,4,3,4,2,2,4,3,3,2,4,3,3,2,3,4,4,4,3,2,4,5,4,3,3,2,2,3,4,4,3,3,4,2
3,5,5,2,3,4,5,4,3,5,5,5,3,5,4,5,5,3,3,3,1,4,4,2,5,4,5,3,2,5,4,4,2,3,5,4,5,3,5
1,3,4,2,1,1,3,2,2,2,2,2,1,4,2,3,3,2,2,4,2,2,1,2,3,4,3,2,2,5,1,2,2,2,4,3,3,1,4
1,3,2,1,4,2,3,4,4,5,5,4,3,5,4,4,4,3,2,3,2,4,5,2,3,3,1,4,2,4,3,2,2,5,3,3,4,4,2
1,4,4,4,3,2,4,4,2,5,4,4,3,3,4,4,4,3,2,3,4,4,4,4,5,3,4,3,3,3,4,4,2,3,4,4,4,3,4
2,1,2,2,2,2,1,2,3,2,4,1,2,3,2,1,2,2,2,4,2,1,2,2,2,4,1,2,2,2,2,1,2,4,2,4,1,2,2
2,2,3,3,3,2,3,4,3,2,3,2,3,3,3,3,2,2,2,2,4,3,2,1,2,4,2,3,3,2,2,2,4,2,3,4,2,2,3
4,3,3,3,1,4,3,1,3,3,3,3,1,4,4,3,3,2,3,4,3,4,2,2,3,3,3,2,3,3,4,3,2,2,3,4,2,2,3
4,4,1,5,2,4,4,3,4,3,3,3,2,2,3,3,3,2,3,4,3,2,3,4,2,3,3,2,4,3,4,4,3,3,3,3,3,2,3
3,3,3,3,3,2,2,3,3,3,4,2,2,3,4,3,2,2,4,4,4,3,3,3,3,2,4,2,3,2,3,2,4,3,4,2,3,3,3
1,2,2,4,2,2,4,2,4,4,4,4,2,4,5,3,2,3,4,3,4,2,4,2,3,4,2,2,3,3,3,5,3,3,3,4,2,3,4
2,1,3,2,2,3,1,2,1,3,3,1,2,3,3,1,3,3,2,4,3,1,3,2,3,4,2,4,2,3,4,4,2,3,3,3,2,2,3
3,1,1,2,2,2,2,1,2,1,2,2,1,1,3,2,1,2,3,3,3,2,1,2,1,3,2,2,2,1,4,3,2,2,2,2,2,2,2
2,1,4,2,1,2,1,2,2,4,2,2,2,2,2,2,4,4,2,4,4,2,2,2,4,2,1,2,2,2,2,2,2,2,3,3,2,2,4
3,4,3,3,3,3,3,3,3,3,3,3,3,4,3,3,3,3,2,4,3,3,3,3,3,3,3,3,3,3,3,3,3,3,4,3,3,3,2
3,1,3,2,2,3,1,3,2,4,4,1,2,3,3,1,3,3,2,3,3,2,3,3,3,3,1,3,2,4,3,2,2,3,3,3,1,3,3
3,2,2,3,1,4,2,1,1,2,2,4,1,2,3,1,2,3,3,5,3,2,2,2,2,3,2,2,4,2,4,2,2,2,3,4,2,2,2
1,2,3,3,1,4,2,2,2,4,2,4,1,4,4,5,2,2,2,3,3,5,3,3,3,4,2,3,3,2,4,2,2,4,2,2,1,2,4
4,4,3,1,2,4,4,4,1,2,4,4,1,4,4,3,2,1,2,5,3,3,3,3,2,5,3,2,2,3,2,3,3,2,3,4,4,3,3
4,3,3,2,2,5,3,2,1,2,5,3,2,3,5,2,2,1,1,4,3,3,3,2,2,5,3,3,2,2,1,3,2,4,3,4,3,4,2
3,2,3,3,3,3,3,4,3,3,3,2,3,2,3,2,2,3,3,3,4,3,3,2,2,3,2,3,3,3,3,2,2,3,3,3,2,2,3
1,1,3,3,2,4,4,3,3,4,3,3,2,5,5,2,3,2,1,4,3,1,4,1,4,3,1,3,1,3,5,1,4,4,4,4,1,2,4
2,3,3,3,2,2,3,2,2,3,5,4,2,3,4,4,5,2,2,4,4,4,3,3,3,2,3,2,2,2,3,4,3,2,5,5,3,2,3
4,4,2,3,3,3,4,4,4,3,4,4,3,3,4,4,3,4,3,4,3,4,4,2,3,5,4,5,3,3,5,5,2,4,3,4,3,4,2
2,2,3,3,2,3,3,2,4,3,5,1,2,3,2,1,3,2,2,1,3,5,2,1,3,4,1,2,2,2,3,2,2,2,5,4,1,2,2
2,5,1,2,1,3,5,3,2,1,5,5,2,1,5,5,1,3,3,5,5,5,3,2,1,5,4,3,2,1,4,5,2,2,1,4,4,3,1
4,3,3,3,3,3,3,2,3,3,4,3,3,3,3,2,3,3,3,3,2,2,3,3,2,3,3,3,3,3,3,3,3,3,2,3,2,3,2
4,2,2,3,1,4,4,1,3,3,3,2,1,4,4,2,3,1,3,4,3,2,1,2,3,4,1,2,2,3,3,2,3,4,4,4,3,1,4
3,2,4,2,2,3,2,3,2,3,4,2,1,4,2,3,3,3,3,4,4,2,5,3,3,3,2,4,3,3,2,2,3,4,4,3,2,4,3
3,3,4,3,3,3,3,3,3,5,4,4,2,5,2,4,4,5,1,3,3,4,3,3,5,3,2,3,2,5,2,2,3,3,5,4,2,3,5
4,1,3,2,4,5,5,4,3,3,5,3,4,5,5,3,5,4,4,5,4,4,3,3,5,5,2,5,2,5,5,1,2,3,5,5,2,5,5
4,4,4,3,2,3,4,2,3,4,4,3,2,4,5,3,3,3,2,5,3,4,4,2,4,5,2,2,2,4,5,4,2,4,4,4,4,4,4
4,4,2,4,3,2,4,3,3,4,4,4,2,3,3,3,4,4,4,2,4,4,4,4,2,3,4,3,4,4,3,4,3,3,4,4,4,3,3
2,2,3,3,4,3,1,4,3,2,3,3,2,3,3,3,3,3,2,4,4,4,3,3,2,2,3,3,3,3,4,3,3,3,2,2,4,3,3
3,2,5,2,2,4,2,3,1,3,3,2,2,5,3,2,4,3,2,3,3,3,3,2,4,3,2,3,2,4,2,1,2,3,2,2,3,3,4
2,4,3,2,3,2,4,3,2,4,3,4,3,4,3,3,3,3,2,2,2,4,3,2,4,3,3,3,2,4,2,3,2,3,4,4,3,2,4
1,3,3,3,4,1,2,3,3,4,3,3,2,3,4,1,4,1,3,4,3,3,3,2,3,5,3,5,3,4,4,2,3,3,4,4,2,1,3
1,4,2,3,3,2,4,3,2,3,4,4,3,4,2,4,3,4,3,3,2,5,3,3,3,3,4,2,2,3,1,4,2,4,3,4,4,2,3
3,4,4,2,2,4,4,4,4,4,4,4,2,4,4,2,2,4,4,4,4,4,2,4,4,4,4,3,4,4,4,4,3,2,4,4,4,2,2
2,2,1,2,3,2,3,4,2,2,4,2,3,3,3,2,2,4,2,3,3,2,4,2,2,4,2,3,2,2,3,3,2,2,2,4,3,2,2
2,2,2,2,4,2,2,4,2,2,2,3,4,2,2,3,3,3,2,2,3,2,3,2,2,2,1,3,2,2,2,2,2,2,2,2,2,2,2
5,4,1,3,1,3,4,2,3,1,3,3,3,3,3,2,2,2,4,4,3,3,2,5,2,3,3,2,3,2,3,3,4,2,2,4,4,2,1
2,4,3,3,1,3,4,1,2,3,3,4,1,4,4,4,4,4,3,3,3,4,2,3,3,4,4,3,3,3,3,4,2,2,3,3,3,2,3
2,2,4,3,2,2,4,2,2,4,3,2,2,2,3,2,3,2,3,2,4,2,2,3,2,2,2,2,3,2,4,2,3,4,2,4,2,2,4
3,4,3,4,4,4,5,4,4,4,4,3,4,4,4,3,2,4,4,4,3,4,4,4,3,4,3,4,4,4,4,3,4,4,4,4,4,4,4
3,4,3,3,3,3,4,1,3,4,3,3,3,3,4,3,3,1,3,3,3,2,3,2,3,2,3,1,3,3,3,3,3,2,4,3,2,3,3
1,1,2,2,2,1,2,2,1,5,1,2,1,3,1,2,3,1,1,3,2,5,1,1,1,5,1,1,1,5,1,2,3,2,3,2,1,1,2
4,1,3,3,3,3,1,4,4,2,1,2,3,5,2,2,4,4,2,3,4,2,3,2,3,2,2,2,2,4,1,2,2,3,3,4,2,2,4
2,3,4,4,2,4,4,3,2,4,4,4,2,4,4,3,2,3,3,3,4,3,3,4,4,4,3,4,4,4,4,3,4,3,3,4,3,2,4
4,4,4,3,2,3,4,2,2,4,4,4,2,4,4,4,4,3,3,4,4,4,3,2,4,4,4,3,3,4,4,4,2,2,3,4,4,2,4
5,5,3,2,2,4,2,2,2,5,5,3,2,5,4,4,4,3,1,5,2,4,2,2,5,5,4,3,2,5,4,4,2,3,4,5,5,2,3
1,4,4,2,4,1,4,4,4,4,2,4,3,3,1,2,2,4,3,1,3,4,4,4,4,2,4,3,4,3,1,4,3,4,3,2,4,4,4
2,2,3,2,3,3,3,3,3,4,3,3,3,4,4,3,3,3,2,2,3,3,3,2,4,3,3,3,3,3,3,3,2,3,3,3,2,3,4
2,3,4,3,4,3,4,3,3,3,3,4,4,4,3,4,3,4,2,4,2,3,4,3,4,5,4,3,3,3,3,3,3,4,3,3,3,4,4
1,2,1,3,2,1,5,3,2,1,5,1,2,2,1,1,2,4,2,1,4,3,2,2,1,4,2,3,5,2,1,3,2,4,2,1,4,3,1
1,4,3,5,4,1,5,5,4,2,2,5,4,3,4,5,4,5,5,4,3,5,5,5,4,3,5,5,4,2,1,4,1,5,4,5,4,5,3
2,4,2,5,1,1,5,1,4,3,1,4,1,2,3,5,3,4,3,3,4,5,1,3,3,3,5,2,4,2,3,4,2,2,2,5,5,2,2
3,4,4,3,3,4,2,2,2,4,5,4,3,4,5,4,2,4,2,5,4,4,4,2,4,4,5,4,2,4,4,4,2,2,4,5,4,2,4
2,3,2,3,1,5,3,2,2,2,4,3,1,3,4,3,2,3,2,3,4,4,2,2,2,3,2,2,4,3,2,3,2,3,2,3,2,2,2
4,2,3,2,2,4,3,3,3,2,3,2,2,2,4,3,2,3,3,4,3,2,3,2,2,4,1,4,4,2,4,2,3,4,3,4,3,2,2
3,2,3,3,2,2,3,3,3,4,2,4,2,3,3,3,3,4,2,3,2,3,4,2,4,4,2,3,2,4,3,3,3,4,3,3,2,3,3
1,2,5,4,2,1,2,2,3,5,1,4,2,5,1,4,5,3,3,1,4,5,3,3,5,1,1,3,4,5,1,1,4,3,5,2,2,2,5
2,3,4,3,3,2,3,3,2,3,3,4,3,4,2,3,3,3,3,2,2,4,3,3,3,2,3,3,3,3,2,2,3,3,3,3,3,3,3
2,2,2,2,1,3,3,2,2,2,3,2,1,3,4,2,3,2,2,3,3,2,2,2,2,4,2,2,3,2,4,2,2,2,3,4,2,1,2
3,3,5,4,2,5,2,3,3,4,2,2,2,4,4,4,4,2,2,4,2,4,2,1,5,3,3,2,1,4,1,3,4,3,5,3,2,2,4
2,4,2,3,2,2,4,2,3,3,2,3,2,4,2,3,3,2,2,2,3,3,3,2,3,4,3,3,2,2,2,5,2,2,4,4,3,3,4
2,4,3,4,3,4,3,4,3,2,3,3,2,3,2,3,2,2,4,3,4,3,3,4,4,3,3,4,3,2,3,3,2,3,5,3,4,4,4
2,3,3,3,2,2,3,3,2,3,2,3,2,2,4,2,3,3,2,4,3,2,3,2,2,4,3,3,2,2,3,2,1,3,2,3,3,2,2
2,4,3,3,2,2,4,2,2,3,2,3,2,3,4,3,2,4,3,4,3,4,3,3,3,3,3,3,2,3,4,4,3,3,3,3,3,3,3
2,4,4,2,3,2,4,4,2,4,4,4,3,3,2,4,4,3,2,3,3,4,4,2,4,3,4,3,2,5,4,2,2,3,4,4,4,4,3
4,3,3,5,2,5,4,4,3,3,3,2,2,2,4,3,1,2,4,4,5,4,2,4,2,5,4,3,3,2,5,4,3,2,3,4,4,4,2
2,3,5,3,3,3,3,3,4,5,2,3,2,5,3,3,4,3,3,4,3,4,4,3,5,4,3,2,4,5,4,2,3,3,4,2,3,3,5
3,3,4,3,3,2,2,4,4,4,2,4,3,4,4,3,4,3,2,4,4,4,4,2,4,4,4,4,3,4,4,4,2,4,4,3,3,3,4
4,2,3,4,2,4,3,4,3,4,4,3,2,4,5,3,2,2,1,5,2,3,2,2,1,4,2,2,2,2,2,2,2,2,3,3,3,2,2
1,1,1,1,1,1,1,1,1,1,1,1,1,1,5,1,1,5,1,5,1,1,2,1,1,5,1,1,1,1,5,1,1,1,1,1,1,1,1
1,2,3,4,2,3,4,3,2,4,2,2,3,3,4,3,3,3,3,3,4,3,4,3,4,3,2,3,2,4,4,3,3,3,3,3,3,3,4
2,3,2,2,2,2,4,4,3,2,2,4,2,2,4,3,4,3,3,3,4,4,3,2,3,4,4,3,2,3,3,2,2,3,4,3,2,3,2
2,2,4,3,3,3,3,2,3,4,4,2,1,3,4,4,3,3,3,3,3,4,3,2,3,3,3,3,3,3,4,3,2,3,4,3,2,1,4
2,3,4,3,4,2,4,4,2,3,3,4,3,4,4,3,3,2,3,3,3,4,4,2,4,4,4,3,2,4,2,3,2,4,4,3,3,4,3
3,2,2,3,2,3,2,1,2,3,4,2,1,3,3,2,2,2,3,4,2,2,3,3,3,4,2,1,3,2,3,2,3,2,3,3,2,2,3
4,4,3,4,4,4,3,2,3,2,3,3,5,4,4,4,1,4,2,4,5,2,3,2,1,2,3,1,2,1,5,5,2,4,2,3,4,4,1
3,3,3,3,2,3,3,3,3,2,3,3,2,3,3,3,2,3,3,4,4,2,3,3,2,3,3,3,2,3,2,3,2,3,3,3,3,2,3
3,3,3,3,3,3,3,3,3,2,3,3,3,1,2,3,3,3,3,3,3,3,3,3,3,3,3,3,3,3,3,3,3,4,1,3,3,3,3
3,1,5,1,2,4,1,3,3,2,3,5,2,5,4,3,5,2,3,3,4,3,5,3,5,4,3,5,3,5,1,1,3,3,4,3,1,2,5
4,2,2,2,2,3,2,2,2,2,4,2,2,2,2,2,2,2,2,4,2,2,4,2,2,4,2,2,2,2,2,2,2,4,2,4,2,2,2
3,4,3,3,2,4,3,2,2,3,3,3,2,3,4,4,3,2,2,3,2,3,2,2,3,4,4,3,2,2,2,4,2,2,3,3,4,2,4
3,3,3,3,2,3,3,2,3,3,3,3,3,3,5,3,3,3,3,3,3,2,3,3,3,4,3,3,4,2,3,3,3,2,3,3,3,3,3
4,3,1,5,1,5,2,2,5,2,4,1,1,1,4,1,2,1,4,2,4,2,2,2,2,4,5,2,5,1,2,2,4,2,2,4,3,3,4
3,2,4,3,1,3,2,2,4,3,5,2,1,3,3,2,4,2,1,5,3,2,1,1,4,5,2,3,1,2,5,1,1,3,4,4,1,1,4
4,3,2,3,2,4,2,2,2,2,4,2,2,2,4,2,2,2,4,4,4,3,3,3,2,4,3,2,3,2,4,2,3,2,2,4,3,2,2
2,3,3,1,2,3,2,2,2,1,3,2,2,2,4,3,2,2,1,4,2,2,4,2,1,3,2,3,1,2,4,3,1,4,3,3,2,2,3
3,4,1,2,4,3,4,4,3,1,4,4,4,1,3,4,1,4,2,3,2,4,3,1,1,2,4,4,2,1,3,5,2,4,1,5,4,4,1
2,5,5,5,3,1,5,3,4,5,2,5,3,5,4,5,4,3,4,2,1,5,5,4,4,5,5,3,4,5,3,4,4,3,5,5,5,3,5
3,2,2,3,1,4,4,3,3,2,4,3,2,2,4,2,2,2,4,4,4,2,4,2,2,4,3,3,4,2,5,2,4,4,4,4,4,4,2
2,2,3,4,2,2,3,4,4,3,2,3,2,4,3,4,3,2,4,2,3,3,3,2,3,5,2,3,3,3,3,3,3,2,4,3,2,2,3
2,3,2,3,3,3,3,3,3,3,3,3,3,3,3,3,1,3,3,5,2,3,3,3,3,2,3,3,3,3,5,3,3,3,3,5,3,3,3
5,2,4,3,3,5,4,5,3,4,5,1,3,5,5,1,5,3,4,5,2,3,5,4,5,5,4,2,3,4,5,3,4,5,5,4,2,5,5
3,3,3,3,3,3,3,2,3,3,2,3,3,3,3,3,3,3,4,4,1,1,2,3,2,3,3,3,2,3,4,3,2,3,3,4,2,4,4
5,1,2,3,1,5,3,1,2,1,4,1,2,1,4,2,2,2,3,4,4,2,3,1,2,4,2,3,2,1,5,3,1,3,2,5,2,2,2
4,2,2,2,2,5,2,2,4,4,2,4,2,2,3,2,2,2,4,2,2,4,2,2,2,4,2,2,2,4,4,4,2,2,4,4,4,2,2
1,3,4,2,4,1,3,4,2,4,2,4,4,4,3,3,2,4,3,2,4,4,4,2,3,2,3,4,1,4,4,4,1,3,4,5,3,3,2
2,2,2,4,2,2,3,3,3,4,2,2,2,3,3,2,2,4,3,2,3,4,4,2,3,2,1,4,3,3,1,2,3,3,4,2,2,3,1
2,2,4,3,3,3,2,4,3,4,3,2,3,5,3,4,3,3,3,3,3,1,4,2,4,5,2,3,2,4,4,2,3,4,3,3,2,3,4
2,4,5,3,1,3,4,1,2,2,5,5,1,5,4,5,5,3,4,2,3,5,3,4,5,4,3,4,3,5,4,5,4,1,5,5,4,3,5
1,4,5,2,1,2,4,2,2,4,3,3,1,4,2,3,3,2,3,1,2,4,1,1,4,2,2,1,1,3,2,4,1,2,5,2,2,1,5
4,4,3,4,3,4,5,1,3,1,4,3,1,3,3,3,1,2,4,5,3,3,3,3,2,4,4,3,3,2,4,5,2,2,2,5,3,4,2
3,3,2,4,2,4,3,2,3,3,4,3,2,2,3,3,2,3,3,4,2,3,2,2,2,5,2,2,3,2,4,2,2,1,2,4,2,2,2
3,4,4,4,3,2,4,4,4,3,2,4,3,4,4,4,4,3,4,4,3,4,4,3,3,2,4,4,3,4,4,5,3,3,4,4,4,3,5
4,1,2,5,1,5,2,2,4,3,4,1,1,3,5,1,3,3,3,5,3,3,1,1,2,3,1,2,3,3,5,1,5,1,1,5,1,1,3
2,2,4,3,2,2,2,2,3,3,2,3,2,3,2,2,2,2,2,2,2,3,3,2,3,2,2,3,2,3,4,3,2,3,4,3,2,2,3
5,4,2,3,3,3,4,2,2,2,2,4,2,2,3,4,2,3,3,3,2,4,3,2,2,4,4,3,2,2,4,4,2,3,2,5,4,3,2
1,2,3,3,1,1,3,1,2,2,1,2,1,3,3,4,3,2,2,5,2,2,1,4,3,5,2,1,4,3,1,4,2,1,3,2,1,1,2
4,2,2,4,3,4,3,3,3,2,5,3,3,2,5,3,2,3,4,3,4,4,3,4,2,3,2,2,4,2,4,3,3,3,3,4,2,2,2
3,2,3,3,2,2,4,2,3,3,2,3,2,3,4,2,2,3,3,4,3,3,4,3,3,3,3,3,2,3,4,1,2,4,3,4,2,4,3
2,4,5,3,2,3,4,4,5,5,3,4,2,5,3,4,4,3,4,2,5,4,4,5,5,3,4,3,4,5,4,2,3,4,5,3,4,3,5
2,3,4,3,2,2,3,3,2,2,4,3,1,4,4,3,2,2,3,4,2,3,3,2,3,5,2,2,3,3,2,3,2,3,3,4,4,3,3
4,5,4,5,3,4,5,3,5,4,3,4,3,4,3,5,2,2,5,3,5,5,3,4,5,3,5,3,5,5,4,5,5,3,5,5,5,4,5
5,2,4,3,2,5,3,2,2,3,4,2,1,4,5,1,2,3,2,5,3,2,3,3,4,5,3,2,2,3,5,4,2,4,4,4,3,3,3
3,5,5,4,2,4,5,3,4,4,5,5,2,5,4,4,2,4,3,4,4,5,5,4,4,5,5,3,4,5,5,5,4,3,5,5,5,3,4
2,2,2,3,2,3,2,2,2,2,3,3,1,2,3,2,2,2,3,5,3,3,2,2,2,3,2,3,2,2,5,1,2,2,2,3,2,2,4
2,3,4,2,3,3,2,3,2,4,2,3,4,4,3,3,2,4,2,3,2,4,4,2,3,3,2,4,2,3,2,3,3,3,4,2,3,4,3
2,5,4,4,3,4,4,4,4,4,4,5,3,3,4,5,2,3,4,2,2,4,4,4,4,4,4,4,4,2,3,5,4,2,4,4,4,4,3
2,4,4,3,2,4,5,3,4,5,3,4,2,4,4,4,3,3,4,4,4,4,3,3,3,4,4,4,2,4,2,4,4,4,4,3,4,3,4
4,4,2,2,2,4,4,2,1,1,4,3,2,3,5,3,3,2,1,5,2,4,4,2,1,5,4,3,1,2,5,4,1,3,2,4,3,3,2
1,1,2,4,2,1,1,2,4,2,3,2,2,2,1,2,2,1,4,1,4,3,4,2,2,1,3,2,4,2,4,1,1,5,3,3,2,2,2
2,1,2,1,2,3,2,1,2,2,2,2,2,2,3,2,2,1,2,3,3,2,2,1,2,1,1,2,2,2,3,2,2,2,2,2,1,2,4
2,1,3,4,2,3,1,1,2,3,2,1,1,4,3,1,2,2,2,2,2,2,3,3,3,3,1,2,3,3,1,1,3,3,4,2,1,2,3
2,2,3,2,2,3,3,3,3,4,3,3,2,4,3,2,3,3,2,4,3,2,3,2,4,5,1,3,2,4,3,4,2,3,4,4,2,2,4
2,3,4,3,4,4,3,3,4,4,5,3,4,3,5,2,3,4,2,5,4,2,4,2,4,5,3,4,2,4,5,1,2,2,4,5,3,2,4
5,5,3,3,4,5,5,4,4,3,5,5,4,3,5,5,3,4,3,5,4,5,4,4,3,5,4,4,4,3,5,4,4,4,3,5,4,4,3
1,4,5,2,3,4,3,3,2,3,2,4,3,4,4,4,2,3,2,4,3,4,5,1,3,4,4,3,1,4,4,4,1,3,4,4,3,4,4
3,5,3,1,4,5,5,4,1,4,4,4,4,5,5,4,3,4,2,5,2,4,4,1,4,4,5,5,1,5,5,4,1,4,4,5,4,3,3
2,4,5,2,4,2,3,4,4,3,4,3,5,5,3,3,2,4,2,4,4,3,4,4,5,5,4,4,3,4,4,3,4,3,5,4,3,3,4
3,3,3,3,3,3,4,3,4,4,4,3,3,3,4,3,3,3,3,4,4,3,2,4,3,4,3,3,4,3,4,2,3,2,3,4,3,3,4
2,3,2,2,1,3,3,2,2,2,3,4,1,2,3,4,2,2,2,4,2,4,4,2,2,4,3,2,2,2,3,2,2,4,2,4,3,2,3
3,4,3,3,2,4,4,2,3,3,4,4,2,3,4,4,2,3,3,5,4,4,3,2,3,4,4,2,2,3,4,4,2,2,3,4,4,3,3
2,3,4,4,1,4,3,1,3,3,5,2,1,4,4,3,3,2,5,3,3,2,4,2,3,4,3,2,3,4,2,2,2,2,3,5,2,1,4
3,3,4,2,2,4,3,3,3,3,3,3,1,4,3,3,3,3,3,4,4,4,4,2,3,4,3,3,2,4,4,3,4,3,4,4,3,3,4
3,4,4,4,2,4,4,1,3,2,4,2,2,3,5,3,4,2,4,4,4,4,4,1,4,5,2,2,2,3,4,5,3,3,3,4,4,1,4
3,2,5,3,3,3,3,3,3,4,2,2,3,4,3,2,2,4,3,2,3,2,3,4,4,2,2,3,3,5,2,1,3,3,4,4,2,3,5
2,3,3,3,2,4,2,2,3,3,2,3,2,3,3,4,2,2,3,2,4,4,5,3,3,3,3,2,3,3,1,4,3,4,3,3,3,4,3
2,2,4,3,2,4,2,3,3,4,3,2,2,4,2,4,4,3,2,4,3,4,2,3,3,3,2,3,2,4,2,2,3,2,3,3,2,2,4
3,2,4,3,2,3,3,3,3,4,3,3,2,5,4,2,4,3,2,3,4,3,3,3,4,3,3,2,3,4,2,2,2,3,3,3,2,3,4
4,4,3,3,2,3,4,3,3,3,3,3,2,3,4,4,3,2,2,4,2,4,3,2,3,4,4,4,1,3,3,5,1,3,2,5,4,2,3
2,2,2,4,1,3,4,1,4,2,1,2,1,4,2,4,2,2,2,2,3,2,1,4,2,2,2,1,3,3,1,2,2,1,2,4,2,1,4
2,3,5,3,3,3,3,4,4,3,3,4,3,5,3,4,4,5,3,3,4,4,4,4,5,3,4,3,2,4,4,4,3,4,5,3,4,3,5
3,2,3,2,2,2,2,3,2,2,1,4,1,5,4,3,3,3,2,4,2,2,2,1,3,4,3,4,3,2,4,3,2,3,4,4,2,3,5
1,5,5,2,3,5,5,3,2,5,2,5,2,5,5,5,4,4,1,5,4,5,5,1,5,5,4,2,4,5,4,3,2,4,3,3,4,4,5
3,5,5,2,1,1,5,2,3,4,2,4,1,2,5,5,5,3,4,2,4,3,4,2,4,5,5,2,4,3,4,4,2,3,5,2,3,2,4
2,3,3,4,2,2,4,2,3,4,2,4,2,4,3,4,2,3,4,4,3,4,3,4,4,3,2,3,4,4,4,2,4,2,3,3,4,3,3
1,4,5,5,4,3,4,3,4,4,1,4,3,5,2,4,4,4,4,2,4,4,4,4,4,3,5,4,3,5,3,4,4,4,5,4,3,4,5
3,3,2,2,1,4,3,2,2,2,3,2,1,2,4,3,2,2,2,4,3,2,2,2,2,2,3,2,2,2,3,3,2,2,2,3,3,2,4
5,4,2,3,4,5,4,4,3,2,4,4,4,3,5,4,2,4,3,4,4,4,4,2,2,4,4,3,3,3,5,4,2,4,4,4,4,4,3
3,3,3,2,3,4,3,4,4,4,3,4,4,2,4,4,3,4,3,4,2,4,4,4,4,3,4,4,2,4,5,3,3,4,3,3,4,2,3
2,2,2,3,2,2,2,4,2,2,4,4,2,2,2,2,1,3,1,5,3,4,2,1,2,4,2,3,2,2,1,2,2,2,2,4,2,2,2
3,4,3,3,3,3,3,4,3,3,2,4,4,3,3,4,3,4,2,3,3,3,4,3,3,3,4,3,3,3,3,2,2,3,3,3,4,3,3
3,4,4,5,3,2,3,5,3,3,3,3,5,2,4,2,2,4,4,3,2,3,2,1,4,4,2,5,4,2,3,3,3,4,2,2,2,4,3
2,3,4,4,2,1,3,4,3,4,3,4,2,4,2,3,3,2,3,2,4,4,4,3,4,4,3,3,4,4,3,2,4,4,3,3,3,2,4
1,2,4,4,1,1,2,2,2,4,3,4,1,5,2,3,2,3,3,1,2,4,5,3,5,5,2,2,1,2,4,3,4,3,3,3,3,3,4
2,3,4,4,4,2,3,5,3,3,2,4,4,4,3,3,4,5,3,3,4,4,5,2,4,4,3,4,2,4,3,2,3,4,4,2,3,4,4
1,5,4,4,3,3,5,4,5,4,4,5,5,2,4,5,3,4,4,4,4,4,4,4,4,5,5,3,4,4,4,5,4,3,4,5,5,4,4
1,4,4,1,1,5,3,1,2,5,2,1,1,4,5,4,4,1,5,1,5,3,3,3,3,5,3,4,4,5,5,3,2,1,3,4,3,1,4
2,4,4,2,3,3,4,2,3,4,3,4,2,4,4,4,4,3,2,4,3,4,3,2,4,2,4,3,2,4,4,3,2,3,4,4,3,3,4
3,3,4,4,2,2,3,4,3,4,4,3,2,5,4,4,2,3,4,5,3,4,4,4,4,4,3,3,4,3,4,3,4,4,4,4,3,2,4
2,4,4,2,2,3,4,3,2,3,3,4,3,4,3,4,3,4,3,3,2,4,3,1,3,2,3,3,2,4,3,2,2,3,3,3,3,3,4
1,4,5,4,2,1,5,2,4,5,3,4,2,5,4,3,4,1,2,4,1,4,5,1,5,4,3,3,3,5,3,4,2,5,5,5,2,4,5
3,3,4,4,4,3,2,4,4,5,3,4,3,5,3,3,4,4,3,2,4,3,3,3,5,2,3,3,4,5,2,4,4,3,4,3,3,3,5
1,2,1,3,2,2,3,2,3,1,4,2,3,1,1,2,2,3,3,1,3,4,3,3,1,3,3,3,3,1,1,2,2,2,2,4,2,2,4
4,2,5,3,2,3,2,2,4,2,2,4,1,4,4,1,3,2,5,3,1,2,4,4,4,4,2,2,5,3,4,2,3,3,5,2,1,2,5
3,2,4,3,2,4,3,1,2,4,3,2,2,5,3,3,3,2,2,4,3,2,4,3,3,3,2,3,3,3,4,3,3,4,4,2,3,3,4
4,4,2,2,3,4,3,4,2,2,5,4,3,3,4,4,2,3,2,4,4,3,3,2,2,4,3,3,2,2,4,2,2,4,2,5,3,4,2
2,4,4,3,4,2,4,4,3,4,2,4,3,4,2,4,4,4,2,2,4,4,3,2,4,2,4,4,2,4,2,3,2,3,4,4,4,3,4
5,3,1,2,2,4,3,1,2,1,3,3,1,1,5,3,1,3,2,5,2,3,3,2,1,5,3,3,2,1,5,3,2,3,1,4,3,3,1
1,3,2,1,3,2,2,2,1,2,2,2,4,2,3,2,2,4,1,2,1,3,3,2,2,1,2,3,1,2,3,2,1,3,2,4,3,3,2
2,3,2,4,2,2,4,2,2,2,3,2,2,2,5,4,2,2,3,4,2,4,4,3,2,2,4,2,2,2,4,4,2,3,2,2,4,2,2
2,2,2,1,3,4,2,4,1,2,1,1,4,2,4,1,2,3,1,3,3,2,5,2,2,4,2,4,1,3,4,2,1,4,2,4,3,4,4
2,1,2,1,3,3,2,3,1,3,4,2,3,3,3,1,2,3,1,4,1,4,4,1,3,4,2,4,1,3,3,2,1,3,2,2,1,3,2
3,5,1,2,4,4,5,3,4,4,4,5,3,4,4,5,2,3,4,5,4,5,4,3,3,5,5,3,3,4,5,5,3,4,3,5,4,3,4
3,4,2,4,2,4,4,2,4,2,4,4,3,2,4,4,2,2,4,4,4,2,2,4,2,4,4,2,4,2,4,4,4,2,2,4,4,2,2
2,4,4,2,2,2,4,2,3,4,4,4,2,4,2,4,4,2,3,2,3,4,2,4,4,4,4,3,2,4,2,3,2,2,4,4,4,2,4
4,4,2,3,2,4,4,2,3,2,4,3,2,2,4,3,2,2,4,4,2,4,4,3,2,4,3,2,4,2,5,5,3,2,3,4,4,2,3
3,3,4,3,3,4,4,3,3,3,5,3,4,3,5,3,2,4,4,3,4,3,3,2,3,4,3,2,3,3,4,4,2,3,3,4,3,3,3
1,4,4,3,1,2,4,4,4,2,2,4,1,5,4,5,4,2,3,4,4,5,2,2,4,4,4,3,4,5,2,3,4,2,5,2,2,2,2
3,3,5,4,3,5,3,3,3,5,2,3,2,5,5,3,4,3,3,4,4,3,3,2,4,4,4,3,3,4,5,3,2,3,5,4,3,3,5
5,4,2,2,4,3,4,3,3,2,4,4,3,2,3,4,2,3,3,3,4,4,4,2,3,4,5,3,3,2,3,4,2,4,2,5,4,3,2
3,5,4,2,3,4,5,3,3,4,5,5,3,5,4,5,4,4,2,3,4,5,3,4,4,5,5,3,3,5,4,4,3,2,3,4,4,2,3
4,3,5,4,2,4,3,2,2,5,3,3,2,5,5,3,5,2,4,5,2,4,5,3,4,4,3,3,4,4,3,3,4,4,5,3,2,2,5
2,2,2,2,3,3,2,2,2,3,4,2,3,3,3,2,3,2,3,3,3,2,3,3,2,3,2,3,3,2,2,3,3,3,4,3,4,2,2
1,1,2,4,3,1,2,4,4,4,1,2,4,3,2,2,3,2,2,4,4,2,2,4,3,1,1,2,2,3,5,1,4,2,4,5,2,1,3
2,3,4,2,3,4,5,3,1,4,3,4,2,4,5,3,2,2,2,5,3,4,3,2,4,5,2,3,1,5,5,4,1,4,4,5,4,3,5
1,4,2,2,2,1,3,3,2,2,2,2,2,2,2,2,2,3,2,2,2,2,2,1,2,2,2,3,2,2,2,2,1,2,2,2,3,2,2
3,3,2,3,4,3,3,4,3,2,3,3,3,2,1,3,2,3,2,2,4,3,4,2,2,3,3,4,2,2,3,3,2,4,2,4,2,3,2
2,4,4,4,3,2,4,3,4,4,3,4,3,3,4,4,2,4,4,2,4,4,3,3,4,3,4,3,4,5,4,4,4,3,4,4,4,4,4
2,4,4,4,3,3,4,3,2,3,2,4,3,4,3,3,4,4,3,3,4,4,4,3,3,3,4,3,2,4,3,2,4,3,3,2,4,4,4
4,4,3,4,3,4,3,4,4,4,4,4,2,4,4,4,3,3,4,4,4,4,4,4,4,4,3,3,4,4,4,3,4,4,3,4,3,4,4
1,2,1,2,1,1,2,1,1,2,4,2,1,2,1,4,1,2,3,1,3,2,2,3,2,1,3,3,2,2,3,2,3,5,2,1,2,5,1
5,2,1,4,4,5,4,4,5,3,5,4,3,3,5,4,1,4,4,5,4,4,4,2,2,5,4,3,4,2,5,4,4,3,1,5,4,4,3
2,5,5,4,5,4,3,4,3,5,5,5,4,5,5,5,4,3,4,2,4,5,5,4,5,2,4,4,3,5,4,4,3,5,5,5,4,4,5
2,5,3,3,3,4,4,3,3,3,2,4,3,3,4,4,3,4,3,3,4,4,5,2,3,4,4,5,3,3,5,4,2,5,4,4,4,4,3
2,3,1,2,3,4,2,2,2,1,3,3,2,2,3,3,1,2,2,4,3,2,3,2,1,3,3,3,2,1,5,4,2,4,1,2,2,2,1
1,3,5,3,3,1,4,3,3,4,4,4,3,5,2,4,4,3,3,2,4,3,5,3,4,4,4,3,4,4,2,4,4,3,4,4,3,3,5
5,5,3,4,3,5,5,3,3,3,5,5,3,3,5,4,2,3,5,5,4,5,5,4,3,5,5,5,4,3,5,5,4,4,3,5,5,4,3
4,4,3,1,2,4,3,2,1,2,4,4,2,3,4,4,3,2,1,3,2,3,4,1,3,2,3,3,2,4,4,5,1,4,3,5,4,3,3
1,2,2,3,2,2,3,2,2,1,2,2,1,2,3,2,2,2,2,2,1,3,2,3,2,1,1,2,2,2,2,2,2,1,2,1,1,2,2
4,4,4,2,2,3,4,2,2,4,2,4,1,4,4,4,2,3,4,4,3,3,4,2,4,3,4,4,2,4,5,4,2,2,4,4,4,2,4
2,3,3,2,1,3,3,2,2,3,2,2,1,4,3,3,3,2,2,2,2,2,3,2,4,3,3,3,2,3,2,3,2,3,3,1,3,2,2
2,4,4,3,4,4,5,3,4,3,4,2,4,3,4,4,3,3,2,5,3,4,5,3,3,3,3,3,3,3,5,4,5,3,2,4,3,2,5
3,4,2,3,4,2,4,3,2,3,1,4,4,4,5,4,4,5,2,5,2,4,5,2,3,4,3,5,1,4,2,4,2,5,4,4,3,5,4
2,1,4,2,2,2,2,2,2,5,4,2,2,5,3,2,5,2,2,4,3,2,2,2,3,3,2,2,1,4,4,2,2,2,5,2,1,3,4
3,3,2,3,2,2,3,2,3,3,2,3,2,3,3,3,3,2,4,2,3,3,3,3,3,3,3,2,2,3,2,3,3,4,2,4,3,3,2
3,3,4,3,3,3,3,3,3,4,3,4,2,3,3,4,2,3,4,3,3,4,4,3,2,3,3,3,2,4,3,2,2,3,2,3,3,3,3
4,2,5,3,2,3,2,3,3,5,4,2,2,5,4,2,5,3,4,3,5,3,3,3,5,3,2,4,3,4,5,2,3,3,5,4,2,2,5
1,3,2,4,3,2,2,3,3,3,1,5,2,2,2,5,3,3,4,3,4,4,3,3,3,3,5,2,4,2,3,5,3,3,3,4,5,3,2
3,1,1,2,1,2,2,1,2,2,3,2,2,2,3,2,1,1,3,3,1,2,1,1,1,3,2,4,2,2,5,1,2,2,2,3,1,2,1
1,5,5,3,3,2,5,3,3,5,3,5,3,5,2,5,4,3,4,2,4,5,4,4,5,3,5,3,4,5,5,5,1,2,5,5,5,3,5
3,1,3,2,3,2,3,2,2,4,5,3,3,4,2,2,3,3,1,3,2,3,3,1,3,5,2,3,1,4,3,3,2,3,5,3,3,3,4
2,4,4,3,3,2,3,4,3,5,2,4,4,3,4,3,3,4,2,3,3,4,5,4,4,4,4,4,4,4,3,3,3,4,4,4,4,4,4
4,3,2,3,2,4,4,3,4,1,3,3,1,1,4,3,2,2,4,4,4,3,2,3,1,4,3,3,3,2,4,3,3,4,2,4,3,3,2
5,2,2,3,3,3,2,2,4,2,4,3,3,2,4,2,2,3,5,5,3,2,2,2,2,3,2,2,2,2,5,3,2,3,2,4,2,2,2
2,4,4,3,2,3,4,4,4,4,2,4,2,3,1,4,4,3,4,2,4,4,4,2,4,2,2,3,3,3,2,4,3,4,4,3,4,4,4
3,4,2,2,1,4,2,2,2,2,5,2,1,2,4,2,2,2,1,5,2,3,3,1,2,5,3,4,1,2,5,4,1,3,2,5,3,3,4
1,1,1,1,2,3,1,2,1,1,5,1,1,1,1,1,1,1,1,2,2,5,5,1,1,3,1,1,1,1,4,1,1,3,3,5,4,2,1
4,1,2,3,1,1,1,1,1,5,1,2,1,2,2,2,4,3,1,5,3,2,3,1,4,4,2,3,3,1,5,2,1,3,4,1,1,3,4
1,4,4,2,3,1,4,4,1,3,1,3,3,5,2,4,4,3,2,3,4,4,4,3,2,2,4,3,3,4,2,2,1,4,4,4,1,4,4
3,4,2,2,2,3,2,2,2,2,2,2,2,2,3,3,3,2,2,2,2,2,2,2,2,4,3,2,2,2,2,3,2,2,3,3,3,2,2
4,4,2,4,3,4,4,2,2,1,3,4,3,1,3,2,5,4,4,5,4,4,2,3,1,4,4,2,4,2,4,3,4,2,5,4,4,2,4
2,3,2,3,3,2,4,3,4,3,1,3,2,2,4,2,2,3,4,3,4,2,3,2,3,2,2,4,3,2,5,2,4,3,4,4,2,3,4
2,4,3,4,2,4,4,1,4,3,4,3,2,4,3,2,2,2,3,3,3,3,3,3,4,4,3,4,3,2,3,3,3,2,3,2,3,3,4
5,4,3,3,3,5,4,3,2,2,4,3,4,2,5,5,2,2,3,5,2,5,4,1,2,5,2,4,1,2,5,4,2,4,3,5,3,3,2
4,3,3,3,3,4,3,4,3,2,5,3,3,3,5,3,3,4,3,5,3,3,4,2,3,4,3,4,3,3,5,2,3,2,3,4,3,4,3
5,3,1,3,3,4,3,1,1,1,4,2,3,1,5,3,1,2,1,5,2,2,2,2,1,4,3,4,2,1,4,4,2,2,1,4,3,2,2
1,3,4,3,1,1,3,2,2,5,4,3,1,5,3,3,5,2,3,2,3,5,2,3,4,5,3,2,3,5,4,3,2,2,4,4,3,2,5
4,1,3,2,2,4,1,2,2,1,2,1,1,2,4,1,4,2,1,4,2,1,2,2,2,4,2,2,2,2,4,4,2,2,5,3,1,1,2
1,2,5,3,2,2,2,3,2,5,4,2,2,4,1,2,5,2,2,4,4,2,2,4,4,4,4,3,4,4,3,2,4,2,5,2,2,2,4
5,3,2,4,3,5,4,4,4,3,3,3,4,3,3,3,4,4,4,3,4,3,3,4,3,3,3,4,4,5,4,3,4,3,4,3,3,4,4
3,4,3,3,3,2,4,4,3,4,5,4,3,4,2,4,3,4,3,4,4,3,4,4,3,4,4,3,3,4,4,4,4,3,4,4,4,3,3
1,4,3,2,2,2,4,2,2,3,3,2,2,3,3,2,2,3,2,4,3,4,4,2,2,4,3,3,2,4,5,1,1,2,2,4,4,3,3
4,5,1,2,1,4,4,2,2,2,4,5,1,2,4,5,2,2,1,4,4,5,2,1,1,4,4,3,1,2,4,4,1,2,2,4,4,2,1
1,4,4,2,3,4,3,3,3,4,4,3,3,3,4,3,2,4,2,4,4,3,4,2,4,3,3,3,3,4,2,2,2,4,2,4,2,3,4
1,4,2,3,4,2,3,4,3,2,2,3,3,2,3,4,2,3,4,2,5,4,3,2,2,2,4,4,3,2,2,3,3,4,2,4,4,3,2
2,5,3,3,2,3,5,1,4,5,5,4,2,2,2,5,4,3,4,2,4,4,2,2,3,2,5,2,3,2,5,4,3,2,4,3,5,2,5
5,1,4,4,3,2,3,2,5,3,2,1,2,1,3,5,3,3,3,2,3,4,3,3,3,2,5,3,2,1,1,2,4,2,3,4,2,2,3
4,5,1,5,4,5,5,5,5,5,4,5,5,2,5,5,4,5,5,5,5,5,5,5,5,5,5,4,2,1,5,5,2,5,3,5,5,5,5
2,4,2,2,2,2,3,2,3,2,4,3,2,3,2,4,2,2,3,2,3,3,3,4,2,2,4,2,2,2,3,4,2,2,3,4,2,2,2
3,4,1,2,3,2,4,2,2,1,3,4,3,1,4,4,2,2,1,3,2,4,3,2,1,4,5,3,1,1,5,4,2,3,2,5,5,3,1
2,2,3,2,3,4,2,3,3,3,4,2,3,3,4,2,3,3,3,2,3,3,3,2,3,4,2,3,2,2,3,3,2,3,3,3,2,3,3
4,5,2,4,3,3,5,4,3,2,1,4,3,2,4,2,2,2,2,3,3,4,3,3,2,2,4,4,3,2,5,3,4,3,2,4,4,3,2
4,4,5,3,3,4,4,4,3,5,1,4,3,5,4,5,5,3,3,4,3,5,5,2,5,4,5,3,2,5,5,3,4,3,5,2,4,3,5
2,2,1,5,1,5,2,1,1,1,4,1,1,1,1,1,1,1,5,5,1,2,1,3,1,5,2,1,5,1,4,1,2,1,1,4,3,1,1
2,1,4,3,1,2,1,3,2,1,1,2,1,2,2,3,1,2,3,2,4,4,2,2,1,1,1,2,2,2,1,1,3,4,1,3,2,2,2
3,4,3,2,3,3,4,4,4,4,5,5,3,5,3,5,2,4,4,2,4,4,4,4,4,4,4,4,3,4,2,4,3,4,2,5,4,3,4
2,2,3,3,2,3,4,2,2,2,4,2,3,2,3,2,3,3,2,3,3,3,2,2,2,4,1,2,3,3,3,3,2,3,3,4,2,3,3
1,2,3,4,2,1,3,2,3,3,1,3,2,5,1,3,4,2,2,2,2,2,3,1,3,5,2,3,1,4,2,2,2,3,4,3,2,3,1
1,1,1,1,1,5,2,1,1,1,4,1,3,1,5,5,1,1,1,5,1,4,1,1,1,4,1,1,1,1,2,2,1,4,1,5,2,3,1
1,3,1,2,1,5,2,2,3,1,4,1,1,1,1,1,1,2,2,5,3,1,2,4,1,2,3,3,3,1,5,2,2,3,1,5,2,2,1
2,2,4,3,4,4,2,4,3,4,5,3,4,3,4,3,4,4,3,4,2,3,3,2,3,2,2,4,3,3,5,1,3,4,4,3,2,4,4
3,2,4,3,5,3,2,2,2,4,2,2,2,4,2,2,3,2,3,2,3,2,2,3,5,2,2,2,2,4,2,2,2,4,4,2,1,3,4
3,4,4,4,3,4,5,3,5,4,4,5,3,4,5,5,3,3,3,5,3,4,3,4,4,4,5,3,3,4,3,5,3,3,4,5,5,3,4
3,2,3,3,2,3,3,2,2,2,4,3,2,2,3,4,2,2,2,3,2,4,3,4,2,2,2,3,2,2,3,2,2,3,2,3,2,2,4
3,5,2,1,4,3,2,4,3,5,2,4,4,1,1,1,2,4,3,2,2,4,4,3,4,3,1,3,4,3,3,1,5,4,2,4,4,4,1
2,2,3,3,3,3,3,3,3,3,4,2,3,4,4,3,3,5,2,3,3,4,4,2,4,4,3,3,3,3,4,3,3,4,3,3,2,3,4
4,3,2,2,3,4,3,2,2,3,4,3,3,3,4,4,2,3,2,4,2,3,3,3,2,4,3,3,2,2,5,2,2,3,2,4,4,3,2
2,3,1,1,2,4,2,1,2,2,5,2,3,1,4,1,1,2,1,2,2,4,2,1,1,1,2,3,1,2,1,2,1,2,1,2,2,3,1
3,2,2,3,2,3,3,2,2,2,4,2,2,2,4,1,2,2,2,4,4,3,3,2,2,4,2,2,2,4,4,2,2,4,2,4,2,2,4
3,3,5,4,3,4,4,2,4,4,2,3,3,4,4,3,3,3,4,3,3,3,3,4,4,3,4,3,4,4,1,3,4,3,4,3,3,3,4
3,2,2,5,4,5,5,5,5,2,4,4,4,2,5,4,2,5,4,5,5,3,4,5,2,4,2,2,5,2,5,2,5,4,1,5,2,4,4
2,2,2,2,2,4,2,2,3,2,2,4,2,3,4,2,3,2,4,4,3,2,4,3,2,3,2,2,3,2,2,1,3,2,2,3,2,2,2
2,2,1,4,3,2,3,3,2,2,5,3,3,2,2,3,1,3,2,3,3,2,3,2,1,4,2,3,3,1,4,2,2,3,1,3,2,3,1
2,2,2,2,3,5,1,2,1,2,5,2,2,3,4,2,2,3,1,3,2,4,3,3,2,1,1,3,1,2,2,1,2,2,2,4,2,2,2
1,3,5,2,4,2,4,5,1,4,2,4,3,4,3,4,4,4,2,1,2,4,4,3,4,1,1,4,1,4,1,2,3,5,4,2,2,4,4
2,2,2,3,1,2,3,1,3,2,3,4,1,3,4,2,2,1,3,5,2,3,2,3,1,4,2,2,3,2,2,4,2,3,3,2,2,2,5
4,3,5,2,4,4,4,4,1,4,2,2,4,5,4,3,4,4,1,5,2,2,5,4,5,5,2,4,3,5,5,3,2,5,4,3,3,4,4
2,4,2,4,4,2,4,2,3,2,4,3,4,5,5,4,3,3,3,5,3,4,3,4,2,4,4,3,2,4,5,4,3,3,2,4,4,3,2
1,4,5,2,1,3,3,2,4,4,4,4,1,4,3,4,4,3,4,3,4,4,4,2,4,5,4,3,3,5,4,1,3,4,4,2,2,1,5
1,1,3,3,1,3,1,1,3,2,1,1,1,2,5,1,2,1,3,1,4,1,2,1,3,2,1,1,2,2,1,1,3,2,2,5,1,2,3
3,3,3,3,3,3,4,3,3,3,2,3,3,3,3,3,3,3,4,3,4,3,3,3,2,4,3,3,4,3,4,3,4,3,3,4,2,3,3
3,3,2,1,2,2,3,2,2,2,3,3,2,1,2,3,1,2,2,5,1,4,2,1,2,3,3,2,2,2,2,2,1,2,2,2,3,2,1
3,4,2,1,2,2,4,2,2,2,4,4,2,2,4,4,2,2,2,4,2,4,2,1,2,2,3,2,2,2,4,4,2,2,2,4,4,2,2
4,1,2,2,2,4,1,1,2,2,4,1,1,2,4,1,2,3,2,4,2,1,2,2,2,4,1,3,2,2,4,1,2,4,2,4,1,1,2
2,4,4,3,5,4,4,3,3,4,4,5,3,5,3,4,2,4,3,3,2,4,4,2,4,5,4,3,2,3,3,2,2,3,5,4,5,2,3
3,5,5,4,5,3,5,5,3,4,3,5,4,4,3,5,4,4,2,2,5,5,5,4,4,3,5,4,3,5,3,5,3,5,3,4,5,4,4
2,4,3,2,4,2,3,3,4,3,4,3,3,3,3,3,3,3,3,2,3,3,4,2,3,2,2,3,2,4,1,2,3,3,4,4,2,4,3
4,2,4,4,4,4,5,2,3,2,2,5,2,4,4,4,4,3,2,4,5,5,4,5,3,4,4,2,4,5,4,4,2,2,2,2,3,2,4
2,4,2,4,1,2,3,2,3,2,3,4,1,2,5,2,2,1,4,5,4,2,1,2,2,2,3,2,4,2,4,4,2,1,4,4,4,1,2
1,3,5,3,4,1,4,4,3,5,2,4,4,5,2,4,5,4,3,1,4,3,5,4,5,2,3,4,4,4,1,3,3,4,5,2,4,4,2
4,5,2,3,4,5,4,4,3,1,5,4,4,4,4,5,2,4,4,5,4,4,4,2,3,4,4,4,1,4,4,5,2,4,1,5,5,3,1
2,2,3,2,2,1,1,4,2,2,4,4,2,4,2,2,3,4,2,3,2,3,2,3,2,3,2,4,4,2,2,3,2,2,4,4,2,2,2
2,4,4,4,2,2,3,4,4,3,3,3,2,2,4,3,4,3,3,2,4,4,3,3,3,4,3,3,2,2,2,3,4,4,4,4,3,2,4
4,2,1,3,1,2,2,2,4,1,2,1,1,1,3,2,1,3,2,2,5,1,3,3,1,2,1,2,3,1,2,2,3,2,1,1,1,2,1
2,1,4,4,2,3,3,3,2,4,4,2,2,4,5,2,4,4,4,4,4,1,3,4,4,4,2,3,4,4,4,1,4,2,4,4,3,3,4
1,4,4,4,2,2,4,3,3,4,2,5,1,4,4,5,2,2,4,4,3,5,2,3,3,4,4,3,4,4,4,3,3,2,3,4,4,2,4
3,3,4,2,3,2,4,3,2,4,3,4,2,5,3,3,5,4,2,3,2,4,5,1,4,4,2,4,3,5,2,3,2,5,5,3,2,3,5
2,2,5,4,3,2,3,4,4,5,4,3,4,4,5,4,4,4,5,5,5,4,4,4,5,5,2,4,4,5,5,1,2,4,5,5,2,4,5
1,5,2,2,3,1,5,2,3,2,4,5,3,2,1,5,2,4,2,1,3,5,2,4,2,1,5,3,3,2,1,5,2,3,2,2,5,2,3
2,2,3,2,2,2,2,2,2,3,2,3,2,5,2,2,3,3,2,2,2,4,3,2,3,2,2,2,2,3,2,2,2,2,2,3,2,2,3
3,4,2,2,2,3,4,2,2,2,2,4,2,3,4,4,2,2,2,4,3,4,3,2,2,4,4,2,2,3,4,4,2,2,2,4,4,2,2
1,4,2,5,2,1,4,2,2,1,1,4,1,4,4,4,2,4,4,2,4,4,4,4,2,3,4,3,4,5,1,2,2,4,2,5,4,3,2
4,2,3,4,2,3,2,2,4,3,3,2,2,4,4,2,3,2,3,4,4,2,2,2,4,3,1,3,4,4,4,1,2,2,4,5,1,2,2
2,4,3,3,3,2,4,3,3,3,3,4,2,3,3,4,3,3,3,3,4,4,3,3,3,2,4,2,3,3,3,4,3,3,3,3,4,3,4
