pp	BIS1	GDP2	FFFS3	BIS4	RWR5	GDP6	BIS7	RWI8	BIS9	RWI10	FFFS11	BIS12	GDP13	RWR14	IMP15	GDP16	FFFS17	GDP18	RWI19	BIS20	IMP21	RWR22	IMP23	GDP24	FFFS25	BIS26	RWR27	FFFS28	RWI29	BIS30	RWI31	BIS32	IMP33	RWR34	FFFS35	IMP36	GDP37	BIS38	RWI39	BIS40	FFFS41	BIS42	IMP43	RWR44	FFFS45	BIS46	RWI47	FFFS48	GDP49	RWI50	BIS51	BIS52	FFFS53	GDP54
1	3	3	4	3	2	2	2	2	2	1	1	2	2	3	2	3	2	2	2	3	2	3	3	3	2	2	4	2	2	2	3	4	3	2	3	2	4	4	2	4	1	3	2	4	3	4	1	2	3	2	2	1	2	2
2	4	1	1	4	4	4	4	1	3	2	2	2	2	4	2	3	1	2	1	3	1	3	2	3	1	4	4	2	2	3	2	2	1	1	2	1	2	4	4	2	4	3	2	4	3	4	4	4	1	3	3	4	1	2
3	1	4	1	2	1	4	3	3	2	3	2	1	4	4	2	4	1	4	4	1	2	4	3	4	1	1	4	1	3	1	4	1	3	4	1	3	4	2	4	1	1	1	4	4	1	2	4	4	2	4	2	3	4	4
4	2	2	2	3	3	3	2	3	1	3	1	1	3	4	1	2	1	3	4	2	3	4	4	3	3	1	4	1	3	1	4	1	3	4	1	3	2	4	4	3	1	2	3	4	2	1	4	1	3	4	1	1	1	3
5	2	2	4	2	1	4	2	1	2	3	2	1	3	4	1	3	2	3	3	1	1	4	3	4	2	2	4	3	2	1	3	1	2	4	4	1	3	3	3	2	2	2	1	4	2	1	4	2	4	4	1	2	4	4
6	2	2	2	2	1	4		2	4	1	2	2	3	4	4	3	2	1	3	1	4	2	2	4	2	2	2	1	4	2	4	1	2	1	2	2	3	4	3	3	1	1	1	3	1	4	3	3	4	4	1	1	2	4
7	3	4	1	2	2	4	3	2	4	3	2	3	3	4	1	4	3	2	3	2	2	4	1	4	2	3	4	2	4	3	4	1	2	3	3	2	3	3	4	3	2	2	3	4	1	3	2	2	3	4	3	3	4	4
8	2	4	3	3	3	4	3	1	2	3	1	2	2	4	1	3	2	2	2	1	2	4	4	4	1	2	4	1	3	4	2	1	1	2	2	2	3	4	2	4	2	4	2	4	2	4	4	3	3	2	4	4	3	3
9	4	3	1	1	3	4	4	4	1	4	1	1	4	4	4	3	2	3	3	2	2	4	4	3	4	2	4	3	3	3	3	2	4	4	3	4	3	4	4	2	1	3	3	4	1	4	4	2	3	4	4	4	1	4
10	3	2	1	3	1	3	1	1	4	1	1	4	4	3	3	4	1	2	3	4	4	1	4	2	1	1	3	1	1	3	4	1	4	1	1	4	4	2	4	4	2	3	1	2	1	4	4	2	2	4	4	4	2	3
11	2	4	2	3	2	4	3	3	3	3	1	1	4	4	2	4	1	3	3	1	2	4	3	4	2	2	4	2	3	2	3	1	3	4	3	3	4	3	4	3	2	2	2	4	1	2	4	2	4	3	2	2	2	4
12	1	3	1	1	4	4	2	2	2	2	1	4	1	4	4	3	4	3	4	1	2	4	1	3	1	1	4	1	4	2	4	1	2	1	2	2	3	2	4	3	1	1	3	4	1	2	4	2	4	4	4	3	3	1
13	2	3	1	2	4	3	3	3	1	3	2	4	3	4	2	2	1	1	4	1	2	4	1	3	2	3	4	3	2	1	4	1	3	2	2	2	3	4	4	2	2	2	1	4	1	2	4	1	3	4	1	3	1	3
14	1	3	1	1	4	4	2	3	1	3	2	1	4	4	4	3	1	3	4	1	4	4	4	4	1	2	4	1	3	4	4	1	4	4	2	4	4	4	4	1	1	2	4	4	2	2	4	2	2	4	2	4	2	3
15	4	3	3	2	4	3	2	3	1	3	4	1	4	4	4	3	2	4	4	3	2	4	3		2	3	4	3	3	4	4	1	4	4	4	2	2	4	4	4	2	3	3	4	3	3	4	4	3	4	2	2	3	3
16	1	3	1	3	3	4	2	3	1	2	1	4	4	4	4	4	2	3	4	1	3	3	4	4	3	3	3	1	3	2	4	1	4	2	3	4	3	3	4	3	4	2	3	3	1	3	4	4	3	4	3	1	4	3
17	4	3	4	1	4	4	3	1	3	2	4	4	1	4	2	2	1	2	3	1	3	4	4	2	1	2	4	1	4	1	2	1	4	3	1	4	2	3	4	4	4	1	3	3	2	4	1	4	2	1	1	3	4	2
18	1	4	3	1	3	4	1	2	2	2	1	2	3	3	2	4	3	3	3	1	2	3	1	4	1	2	3	1	3	2	4	1	1	2	1	1	4	3	4	1	3	1	1	3	2	1	3	1	3	3	2	2	3	4
19	4	4	3	4	3	4	2	1	4	3	2	4	2	4	4	3	1	4	3	3	4	4	4	3	4	4	4	4	1	2	4	2	3	2	4	2	3	3	1	4	4	4	3	3	4	4	4	4	4	3	2	2	4	4
20	2	4	3	4	4	4	3	1	4	1	3	3	1	3	1	4	3	2	2	4	3	4	4	4	2	3	4	3	1	4	3	2	2	2	2	2	3	2	4	2	2	3	3	4	4	4	3	3	4	3	4	2	4	4
21	3	4	2	4	3	4	2	3	3	2	1	2	3	4	1	4		2	3	3	3	3	4	4	3	2	2	2	2	3	3	3	3	2	2	1	3	3	4	4	2	3	3	3	2	4	2	3	3	3	3	2	2	3
22	2	4	4	2	4	4	2	1	4	1	1	2	4	4	4	4	3	3	4	3	4	4	4	3	1	4	4	2	2	2	3	4	1	1	1	4	2		4	4	4	1	3	4	1	4	4	1	1	1	1	1	1	1
23	2	3	1	1	4	4	2	4	3	3	1	1	4	4	1	4	1	2	4	1	4	4	2	3	2	1	4	1	4	1	4	2	2	3	1	1	4	2	4	2	1	2	1	4	1	2	1	1	4	4	1	3	1	4
24	2	3	2	3	3	3	2	4	2	3	1	2	2	2	4	4	1	2	3	2	1	3	2	3	2	4	3	1	4	3	4	2	4	4	1	4	4	3	4	4	3	2	3	4	1	3	3	2	2	3	3	4	1	3
25	3	3	1	2	3	2	2	2	1	4	3	2	3	4	1	2	1	3	2	2	1	4	4	2	2	4	4	3	2	2	3	1	1	3	4	1	3	4	1	4	3	2	1	3	1	3	4	4	4	2	1	4	3	3
26	3	2	3	4	4	2	4	3	3	2	3	3	1	4	3	2	3	1	2	4	1	4	2	4	2	4	4	2	2	4	2	3	4	2	1	1	3	3	3	4	3	4	2	4	1	4	2	4	3	2	4	3	3	3
27	1	3	1	1	3	4	2	3	2	3	3	2	4	3	3	3	2	3	3	1	2	4	3	4	3	2	4	2	3	3	4	3	3	3	2	1	3	3	4	3	2	1	1	4	1	2	3	2	3	4	3	2	1	4
28	1	4	2	1	3	4	1	2	1	1	3	1	4	4	1	3	2	4	4	1	1	4	4	4	1	2	4	1	2	1	2	1	2	4	4	1	4	3	4	2	4	1	2	4	2	2	4	4	4	4	1	1	4	4
29	2	2	2	2	3	3	1	2	2	3	1	2	3	3	3	2	1	3	3	2	4	3	2	3	3	2	3	2	3	2	4	2	4	4	1	4	3	2	2	3	1	2	4	4	1	2	4	1	3	3	3	2	1	3
30	2	4	2	2	3	4	2	1	4	1	2	1	4	4	3	4	4	4	3	1	3	4	4	4	3	2	4	3	4	2	4	1	2	3	3	2	4	4	4	3	1	1	4	4	2	2	3	4	4	4	2	2	4	4
31	1	3	1	1	1	3	1	4	1	4	1	1	4	4	2	4	1	4	4	1	3	3	4	4	1	1	2	1	4	2	4	1	2	1	2	1	3	2	4	3	2	1	1	4	1	1	3	1	4	4	3	4	1	4
32	2	4	2	3	2	4	2	4	3	3	1	2	4	3	1	4	2	4	4	1	1	4	2	4	2	3	4	1	3	3	3	1	1	2	1	1	4	3	1	4	4	2	2	4	2	3	1	2	4	3	3	4	2	4
33	2	3	1	2	2	2	3	3	4	2	2	2	3	4	3	2	2	3	4	1	3	2	3	2	3	4	3	2	3	4	4	1	3	2	2	1	2	4	4	2	1	2	3	3	1	3	4	2	2	3	3	2	3	3
34	3	4	3	4	3	3	3	2	3	1	2	4	2	3	1	4	4	2	2	4	3	2	2	3	2	2	2	2	2	3	2	4	2	3	1	2	2	4	4	3	2	3	1	2	2	2	3	3	2	3	2	4	3	4
35	4	2	1	4	2	2	3	4	4	4	1	4	2	3	4	2	1	2	2	4	2	2	3	2	3	4	3	3	3	4	3	2	3	1	2	3	2	4	4	4	1	4	3	2	1	4	2	2	2	3	3	3	1	2
36	1	4	3	2	4	4	2	4	3	2	4	3	3	4	1	4	4	3	4	1	2	4	1	4	1	2	4	4	4	2	4	3	1	4	4	1	4	4	1	4	3	3	1	4	2	4	2	4	4	4	1	1	4	4
37	1	4	1	3	3	4	1	4	1	3	2	1	4	4	2	4	2	3	4	1	3	4	3	4	1	2	4	1	4	2	3	2	3	2	1	2	4	3	3	3	4	2	2	4	2	2	3	1	4	3	2	3	2	4
38	1	4	2	2	3	4	2	4	4	4	1	4	4	4	1	4	2	4	3	1	3	3	3	4	1	2	3	3	3	1	3	2	2	3	2	2	4	2	4	2	3	3	2	3	1	2	3	1	4	3	2	2	1	4
39	1	2	1	3	4	3	1	1	1	2	4	1	1	4	1	3	1	1	2	2	3	4	4	3	4	4	4	3	1	2	4	3	1	4	4	4	3	4	3	3	4	2	2	4	3	3	1	4	1	2	3	4	4	2
40	1	3	2	2	4	3	4	4	4	3	1	3	2	3	3	2	2	2	3	2	4	4	3	3	2	3	3	2	3	2	4	1	2	2	3	1	2	4	4	3	3	1	3	3	2	1	3	1	4	4	3	3	2	2
41	3	4	2	1	3	4	2	4	1	2	4	1	3	3	2	4	1	3	4	3	2	3	4	4	2	2	4	2	4	1	4	1	3	3	4	2	4	3	4	3	1	3	3	4	1	2	4	2	4	4	2	3	4	4
42	1	3	1	2	3	4	3	4	4	3	4	1	3	3	4	3	1	2	4	1	2	3	1	3	1	1	4	1	4	2	4	3	4	1	2	3	4	2	4	4	1	2	4	3	1	3	4	3	2	4	1	3	4	3
43	4	4	3	4	3	4	4	1	4	2	1	4	2	4	4	4	1	3	2	4	4	4	4	4	4	4	4	3	2	4	2	3	4	4	1	2	4	4	4	4	1	4	4	4	2	4	1	1	3	2	4	4	2	3
44	1	3	1	2	3	3	1	1	2	1	2	3	2	3	2	2	3	2	2	2	2	3	1	2	4	2	3	2	3	2	2	4	2	2	2	1	3	4	3	4	3	4	1	3	4	3	4	4	4	3	3	2	4	3
45	1	1	1	1	3	3	1	4	1	1	1	1	1	4	1	1	1	1	4	1	3	1	1	2	1	1	3	1	4	1	4	1	1	1		1	1	1	4	1	1	1	1	1	1	1	4	1	3	4	1	1	1	2
46	2	3	1	4	3	4	3	2	4	3	2	4	4	4	3	3	2	3	2	3	3	4	3	4	1	3	3	1	3	3	4	2	3	4	1	2	4	4	3	3	1	3	4	4	2	4	3	2	3	3	4	4	2	4
47	1	4	1	1	4	4	1	4	2	3	2	2	4	4	3	3	1	4	4	1	2	4	1	4	1	1	4	1	4	1	4	1	3	4	2	1	4	2	3	2	2	1	1	4	2	2	2	2	4	4	1	2	1	4
48	1	3	1	1	1	2	1	3	2	1	1	2	2	3	2	2	2	1	2	1	2	1	1	1	1	2	2	1	2	2	4	1	2	1	2	3	2	4	4	2	1	1	1	2	1	2	3	1	3	3	2	2	3	4
49	1	2	3	4	4	4	2	2	4	1	2	4	2	4	3	2	1	1	3	2	3	4	1	3	2	4	3	4	1	3	4	3	4	3	1	2	1	4	4	4	4	4	3	2	2	4	3	2	3	3	2	4	4	3
50	1	4	2	1	3	4	1	3	2	2	3	1	4	4	2	4	1	3	4	1	2	4	2	4	1	2	4	1	4	1	4	1	3	4	1	2	4	3	4	1	1	1	3	4	1	1	3	1	2	4	1	1	2	4
51	2	3	1	3	2	4	4	4	2	3	1	1	3	4	3	3	1	3	3	2	2	3	4	4	2	2	4	2	4	2	4	2	4	4	2	3	4	4	3	4	1	3	4	4	1	3	3	3	3	3	3	4	1	4
52	3	1	3	3	2	4	4	1	1	3	1	4	1	4	4	2	1	1	3	3	1	2	4	4	1	3	4	1	1	2	4	1	3	2	2	1	3	3	4	2	1	1	3	3	1	2	4	1	3	4	2	4	1	4
53	3	3	1	3	2	3	4	2	3	2	2	2	1	3	1	3	2	3	3	3	2	4	2	3	2	4	3	3	2	4	3	4	2	2	3	1	3	3	3	3	3	4	2	3	2	4	2	2	4	2	4	1	1	3
54	1	2	4	3	4	3	2	2	2	3	1	1	4	3	2	3	4	3	3	1	2	4	3	3	3	1	4	2	2	2	3	2	3	1	3	1	3	4	2	4	2	4	2	4	2	3	2	1	3	4	3	1	3	3
55	2	3	2	4	4	4	4	4	4	1	2	3	3	2	1	3	4	2	3	3	1	3	2	2	2	3	1	2	4	2	4	3	1	2	3	1	2	4	2	3	2	2	1	3	2	3	1	3	4	3	2	1	4	3
56	2	4	4	1	2	4	3	1	4	3	1	4	2	4	3	3	3	2	4	3	2	3	3	4	2	2	3	4	3	2	3	3	1	4	4	2	4	3	2	4	1	3	1	4	1	3	3	2	4	2	2	1	3	4
57	4	4	2	4	4	4	2	3	1	4	4	2	3	4	2	3	2	4	3	4	3	4	2	4	1	2	4	2	3	3	2	3	2	1	1	2	2	4	1	4	1	3	1	4	4	4	2	4	2	2	4	4	1	1
58	2	3	1	2	3	4	1	3	2	4	1	1	4	4	3	3	4	3	4	1	2	3	4	4	2	3	4	1	3	3	4	1	4	4	2	1	3	4	4	3	2	2	3	4	1	2	4	1	3	4	3	1	1	3
59	1	4	4	3	2	3	1	1	2	3	1	1	4	3	1	3	1	3	2	1	1	3	1	4	2	1	3	2	3	1	3	2	2	1	2	1	3	3	2	3	1	2	1	2	1	3	2	1	4	2	1	3	4	4
60	4	3	1	4	4	4	4	3	4	4	2	3	3	4	4	4	4	3	4	4	1	4	1	4	1	4	4	1	3	2	4	1	4	1	1	2	4	4	4	1	1	4	4	4	3	4	4	4	2	4	4	4	4	4
61	4	3	1	3	1	2	3	1	3	1	2	4	3	1	2	1	1	1	2	4	1	3	1	2	1	3	1	2	4	2	2	1	2	2	4	1	1	4	4	4	4	4	1	2	1	4	3	3	3	4	4	3	3	3
62	3	3	3	2	2	3	3	3	1	2	1	3	3	2	2	3	1	2	3	3	4	3	3	3	2	3	3	4	3	3	3	3	1	2	3	1	3	2	3	3	4	3	1	3	2	3	4	4	4	3	3	2	2	3
63	1	4	2	1	4	4	3	2	4	1	1	3	3	3	1	3	1	3	4	2	2	3	4	4	1	3	2	1	3	3	4	1	2	1	2	3	4	4	3	4	1	2	1	3	3	4	4		2	4	3	3	1	4
64	3	3	3	4	3	4	4	1	4	2	2	4	2	3	2	2	3	2	3	3	2	3	4	4	2	4	3	2	1	4	2	3	1	1	4	3	2	1	3	2	4	3	1	2	1	4	3	2	3	2	4	3	4	4
65	3	3	1	3	2	4	2	2	4	4	1	4	4	4	3	3	2	3	4	2	2	2	2	4	2	3	3	1	4	3	4	1	2	1	2	1	3	4	4	3	1	2	3	3	1	3	3	2	4	4	4	4	3	4
66	3	3	2	3	1	2	3	3	4	2	3	4	2	3	1	3	3	2	3	3	4	4	4	3	1	3	3	1	4	4	3	3	2	3	3	1	3	3	1	2	1	3	2	3	2	4	3	1	3	3	2	4	3	3
67	4	3	2	2	2	4	3	4	4	2	1	4	3	4	4	3	1	2	4	3	3	4	4	4	1	2	4	2	4	3	4	1	4	2	4	3	4	4	4	4	2	4	3	4	1	4	4	2	4	4	4	4	2	3
68	1	4	1	2	3	4	4	2	4	4	1	3	4	4	3	4	4	4	4	1	2	4	1	4	1	4	3	1	4	4	4	1	2	1	1	2	4	4	4	3	1	3	1	3	1	3	4		1	4	3	4	1	4
69	4	3	4	4	4	3	4	2	4	4	1	4	3	4	2	2	1	2	2	4	1	4	3	4	1	2	3	1	2	3	3	2	3	4	3	1	2	4	3	4	1	4	3	4	1	4	4	3	2	3	4	4	3	4
70	2	4	1	2	4	4	2	3	4	1	1	2	3	4	1	4	3	4	3	2	4	4	2	4	1	1	2	1	4	1	3	1	1	4	1	2	4	4	2	2	1	2	2	4	1	2	4	1	4	3	2	4	1	4
71	4	3	3	3	2	4	4	3	4	1	1	4	4	4	2	3	2	4	3	4	2	3	2	4	2	4	3	1	3	4	4	1	2	2	3	1	4	4	1	4	1	4	2	2	1	4	4	2	4	4	3	1	1	3
72	3	1	2	3	2	4	3	1	3	2	3	2	3	3	1	1	3	2	2	3	1	2	1	4	3	1	2	4	2	3	2	3	1	2	4	1	2	4	3	2	1	3	4	2	4	4	4	3	4	2	3	1	2	4
73	1	4	4	2	3	4	3	2	4	1	4	1	4	3	1	4	3	4	4	2	1	4	2	4	1	1	2	2	2	1	4	2	2	2	1	2	4	2	3	3	1	4	4	4	4	1	4	2	4	3	1	3	4	4
74	2	3	2	4	4	4	4	4	2	3	4	1	3	4	1	3	3	2	2	2	1	2	3	4	2	4	4	2	2	4	4	2	2	2	2	1	3	2	4	4	2	4	2	4	2	4	3	2	4	4	4	2	4	4
75	1	4	2	1	1	4	1	4	3	3	2	1	3	4	1	3	3	2	4	1	4	2	1	4	2	2	4	2	2	1	4	2	2	3	4	3	3	4	3	4	4	2	1	3	1	4	1	3	4	4	4	3	3	4
76	1	2	1	1	1	3	1	2	1	2	4	1	3	4	2	2	1	3	2	1	1	2	2	2	1	1	4	2	2	2	4	1	3	2	3	2	4	2	4	1	1	1	3	4	2	3	4	1	4	4	3	1	4	3
77	4	3	4	3	4	4	3	2	3	4	3	2	1	4	4	3	3	2	3	1	4	4	4	4	4	2	4	1	3	4	4	3	4	3	3	3	3	2	3	3	2	4	4	4	3	4	3	4	4	3	3	2	4	3
78	2	3	1	4	3	3	3	3	2	1	1	4	2	3	1	3	4	1	3	3	1	3	2	2	2	4	2	4	2	4	2	2	3	2		1	4	2	4	2	1	3	3	2	1	4	2	1	2	3	4	4	3	3
79	3	2	2	3	4	4	3	2	4	4	1	2	4	4	1	3	2	4	2	3	2	4	4	4	3	3	3	2	2	3	4	1	1	2	3	2	3	3	1	3	2	4	2	4	1	3	3	4	3	2	3	1	1	3
80	4	4	3	3	4	2	2	3	3	1	2	1	4	3	1	2	4	3	3	2	4	4	3	2	2	2	2	3	2	3	3	1	1	1	4	1	3	2	1	4	4	4	1	4	1	3	2	3	3	4	2	1	1	3
81	3	2	2	3	2	2	3	2	3	3	2	4	2	3	1	2	1	1	2	1	1	2	1	3	1	4	1	1	2	2	3	1	1	1	2	1	2	4	3	3	1	3	1	1	2	3	1	2	3	2	2	3	1	3
82	3	2	1	4	2	4	1	4	2	3	1	2	3	4	2	3	1	3	3	1	3	3	2	3	2	4	4	1	3	1	3	1	2	4	3	3	4	2	4	3	4	2	1	3	1	4	4	2	4	3	4	3	2	3
83	2	3	1	3	4	4	4	3	1	2	1	1	3	3	3	3	4	3	4	3	1	4	4	3	2	3	4	1	3	2	3	2	3	4	2	1	3	3	4	1	4	2	2	4	1	2	4	1	3	4	1	3	1	3
84	1	2	2	2	3	2	1	3	4	4	1	2	2	3	3	2	1	2	2	1	4	3	3	3	1	1	2	1	2	1	4	1	2	2	1	2	2	1	1	3	1	2	2	3	2	4	1	1	3	3	2	1	1	2
85	2	3	1	2	2	4	4	2	2	3	1	2	3	3	3	3	2	2	3	2	4	4	4	3	2	4	4	1	3	4	3	2	2	1	3	1	4	3	4	4	1	2	2	4	2	3	4	3	4	3	2	4	4	4
86	1	3	3	2	3	4	1	3	2	3	1	4	4	4	3	3	1	4	3	1	2	3	3	4	1	1	4	1	3	2	4	2	4	4	4	4	4	4	4	1	1	3	4	4	1	4	4	2	1	4	4	4	1	4
87	1	4	1	2	4	4	2	2	3	3	2	3	3	3	3	4	2	3	4	2	2	4	2	3	1	3	4	1	2	2	4	2	4	3	2	2	3	3	4	3	2	2	1	4	2	2	4	2	3	4	3	2	3	4
88	2	4	2	3	2	4	2	4	3	4	3	2	4	4	3	3	2	3	3	1	3	4	3	4	3	3	2	3	4	3	4	2	2	2	3	2	3	4	4	4	3	3	1	3	2	4	4	4	2	4	3	4	4	4
89	3	3	2	3	4	4	4	2	3	3	2	4	3	4	1	4	2	3	3	3	3	4	2	4	3	2	3	3	3	3	4	2	2	1	1	1	4	4	1	4	4	4	2	4	2	1	1	2	4	3	3	2	4	4
90	1	3	3	2	3	3	1	3	4	4	2	2	4	3	1	2	1	2	3	1	3	4	3	2	2	3	4	2	3	2	3	2	3	1	3	2	2	3	4	2	1	2	2	3	1	1	3	1	3	4	1	3	2	2
91	3	3	1	4	2	3	4	4	4	4	3	4	2	4	1	2	1	3	4	4	2	3	3	4	2	4	4	2	3	4	4	4	2	1	2	2	1	3	4	4	1	4	2	3	2	4	2	3	4	4	4	3	3	3
92	2	3	2	2	4	4	1	4	1	3	1	1	4	4	1	3	4	4	4	2	3	4	3	4	1	2	3	1	4	2	3	3	1	3	3	1	4	4	3	3	2	3	2	3	1	2	3	1	4	3	2	2	1	4
93	2	4	1	2	2	2	1	4	3	3	1	3	3	4	3	4	2	3	4	1	3	2	1	3	3	2	3	1	3	3	4	3	3	2	3	1	3	4	3	4	1	2	3	4	1	3	4	2	3	4	3	3	2	4
94	1	4	3	1	2	4	1	2	1	3	2	1	3	4	1	4	1	4	3	1	1	3	1	4	1	1	4	1	3	1	3	1	1	2	4	1	4	4	1	3	4	2	2	3	3	1	4	2	4	2	1	2	4	4
95	1	4	2	3	2	4	1	2	2	4	4	2	2	4	3	4	2	2	3	2	3	2	4	4	1	3	4	2	4	3	3	2	2	1	2	4	4	3	4	2	3	2	2	4	2	3	4	2	4	3	4	1	4	4
96	2	4	2	4	4	4	4	3	4	4	1	3	4	4	1	4	2	4	4	1	4	4	3	4	4	4	4	1	4	4	4	2	1	4	2	1	4	4	2	4	4	4	3	1		4	1	2	4	3	4	3	1	4
97	4	2	2	4	3	2	4	1	4	2	2	4	1	3	4	1	2	1	3	4	4	3	4	3	3	3	2	2	2	4	4	2	4	1	2	3	1	4	3	2	1	4	4	4	2	4	4	1	2	3	4	4	4	3
98	2	3	1	1	3	4	1	2	3	4	1	1	3	3	2	3	4	3	4	1	4	3	1	3	1	3	3	2	2	3	4	2	2	2	2	3	2	2	3	2	1	2	4	4	2	4	3	4	4	4	2	3	3	4
99	3	4	1	3	4	4	4	1	2	2	2	1	4	4	3	4	1	3	1	2	4	4	3	4	2	4	4	4	2	3	3	4	3	2	3	3	3	4	1	4	1	4	2	4	2	4	2	2	4	1	4	4	2	3
100	1	1	4	1	2	4	1	4	2	3	2	1	4	4	4	4	1	4	4	1	4	4	4	4	1	1	4	1	4	1	4	1	4	4	3	4	4	4	4	1	4	2	4	4	1	1	4	1	3	4	1	4	2	4
101	3	4	3	4	4	4	3	3	4	4	4	4	3	4	1	3	3	2	2	3	1	4	1	4	2	4	4	4	3	4	4	1	1	4	4	1	4	1	2	3	1	4	1	4	1	4	3	3	4	2	4	4	4	4
102	1	3	2	1	2	3	2	4	3	4	3	4	3	4	2	3	2	3	3	1	3	3	2	4	2	1	3	2	3	4	4	2	2	1	3	1	2	4	2	3	2	3	1	4	1	2	3	2	3	3	2	2	1	4
103	4	2	2	3	4	4	4	4	4	1	3	4	2	4	2	1	3	2	3	4	4	4	4	2	4	4	4	4	2	4	4	4	3	2	4	4	2	4	4	4	1	4	4	4	4	4	4	4	1	4	4	4	3	2
104	3	4	3	1	1	4	3	1	2	4	2	2	4	4	1	3	2	3	3	1	1	4	1	4	3	2	3	3		1	3	3	2	4	4	2	3	2	3	3	3	4	1	3	2	2	4	2	4	3	1	1	1	4
105	4	3	1	4	3	3	4	1	4	2	1	4	1	3	4	3	3	2	1	4	4	4	4	3	2	4	2	1	1	4	1	2	4	2	4	3	2	3	1	4	2	4	3	4	2	4	3	1	3	2	4	3	1	3
106	3	2	1	4	2	3	4	1	1	1	3	3	3	2	2	2	2	3	4	4	2	1	1	3	2	4	3	1	2	4	3	1	2	1	3	3	2	3	1	3	1	3	4	2	3	4	3	2	4	2	4	4	4	3
107	4	4	1	2	2	4	3	2	4	2	4	1	3	3	3	3	1	2	2	2	4	3	1	4	4	2	3	4	3	3	3	4	4	2	4	3	4	4	1	4	1	4	4	3	1	4	3	3	3	4	4	4	4	4
108	3	4	3	3	3	4	2	3	3	2	4	4	3	2	1	2	2	2	2	2	4	3	2	3	1	2	4	2	3	4	3	1	1	2	2	1	3	3	3	4	1	4	2	2	2	3	2	4	2	2	1	1	4	3
109	2	3	1	1	2	4	2	2	2	3	1	1	2	4	1	3	3	2	3	1	2	3	2	4	3	2	3	3	2	1	3	2	1	3	3	1	3	2	3	2	3	3	2	4	4	4	3	2	4	2	3	2	4	4
110	1	4	2	1	2	4	1	2	3	3	1	4	2	2	2	3	1	3	2	1	3	2	2	4	3	2	3	2	2	3	3	1	3	4	1	1	3	4	1	2	4	2	1	3	1	2	4	2	4	2	4	4	2	4
111	2	4	4	3	2	4	2	1	3	2	4	2	3	3	2	3	1	2	3	2	4	2	1	4	2	2	3	4	1	2	3	2	3	4	2	1	3	4	4	4	1	3	3	4	3	3	4	2	3	4	4	3	4	4
112	3	3	1	3	3	4	4	2	4	2	2	4	2	3	3	3	4	3	3	3	4	3	4	3	4	3	3	2	2	4	3	3	3	1	2	3	3	3	2	4	4	3	3	3	1	3	2	4	3	2	4	1	4	3
113	4	2	3	4	3	1	4	2	4	4	2	4	2	4	4	1	2	1	3	4	2	3	4	2	3	4	4	4	2	4	4	3	4	2	4	1	3	3	4	4	3	4	2	4	3	4	2	3	4	4	4	4	2	2
114	4	4	1	3	3	4	4	3	4	3	1	3	4	4	4	4	3	4	3	3	3	4	3	4	3	4	4	3	3	3	3	2	3	4	3	1	4	4	4	4	4	4	4	4	2	4	2	1	4	2	4	4	1	4
115	3	3	4	2	3	4	1	4	2	4	3	1	4	4	2	4	4	4	4	1	2	4	3	4	1	2	3	1	4	2	4	2	2	4	4	2	4	2	4	4	3	3	1	3	1	3	4	1	3	4	2	3	4	4
116	1	4	2	1	2	3	1	4	2	1	1	1	3	3	1	3	3	1	4	1	3	3	1	3	1	1	2	1	3	1	3	2	3	2	2	1	2	1	1	2	4	2	2	3	1	1	1	1	3	1	1	1	1	3
117	3	4	2	2	3	4	2	3	3	3	1	1	3	4	2	4	3	3	3	1	3	4	2	4	2	2	4	2	3	2	4	2	2	3	2	2	4	4	3	3	2	2	1	4	2	3	3	4	3	3	2	3	2	4
118	1	4	1	3	2	4	2	2	2	3	2	1	3	4	1	3	1	3	4	1	4	4	2	4	1	3	3	2	2		4	2	2	2	1	1	4	3	4	3	1	2	1	4	1	3	4	2	3	4	3	3	2	4
119	1	2	3	2	2	2	1	1	4	1	1	4	2	1	1	1	2	1	3	1	3	2	4	2	2	3	2	1	1	3	2	1	2	1	4	1	2	2	1	2	4	2	1	2	1	4	1	2	2	1	2	2	2	2
1192	4	4	1	4	2	4	4	2	4	1	1	4	4	4	1	4	2	4	4	4	1	4	1	4	1	4	3	2	3	4	4	1	3	4	3	1	4	3	1	3	1	4	3	4	2	4	3	1	4	2	3	1	2	4
120	2	4	4	3	2	4	4	4	2	2	1	2	3	4	4	3	1	3	4	2	4	4	1	4	2	4	3	1	3	3	4	1	4	3	3	1	4	4	4	1	2	3	3	3	2	4	4	1	2	4	3	4	1	4
121	3	3	4	2	3	4	3	1	4	3	4	3	2	3	2	2	1	2	4	2	1	3	2	4	1	2	3	2	3	2	4	1	2	3	4	2	4	2	4	3	3	2	2	3	1	4	3	2	2	3	2	1	1	4
122	4	4	1	2	3	4	3	3	4	4	1	4	3	4	3	4	1	3	4	3	1	4	1	4	4	2	4	4	3	3	4	3	3	3	4	2	4	2	4	4	1	4	2	4	2	3	3	1	3	3	3	1	2	4
123	1	2	1	1	1	3	1	4	3	4	4	3	1	4	3	2	3	2	3	1	3	4	2	1	2	3	4	3	1	3	4	1	4	3	4	4	4	2	4	3	2	2	3	3	2	1	2	3	3	3	2	1	4	3
124	1	3	1	1	2	4	3	1	4	3	2	1	3	4	2	3	2	3	1	1	2	2	2	4	2	1	3	2	1	1	3	1	2	3	1	3	4	2	4	3	1	1	3	3	1	2	4	4	2	2	2	1	4	3
125	2	3	4	3	4	3	1	2	3	2	4	2	2	4	3	2	2	3	3	1	2	4	4	3	2	2	4	4	2	1	2	2	2	4	2	1	2	1	1	3	4	2	3	4	2	3	3	4	4	3	1	1	4	3
126	3	4		2	3	4	3	2	4	3	4	3	3	4	1	3	3	2	3	2	4	4	4	3	3	4	4	4	3	4	2	3	1	3	4	3	3	4	3	4	4	4	1	4	3	4	4	4	3	2	4	3	4	3
127	3	3	2	2	3	3	2	2	1	3	2	1	3	4	2	3	2	3	3	2	2	3	3	3	2	2	3	2	3	2	3	2	2	4	3	1	3	2	3	3	2	2	1	3	2	4	3	2	3	3	3	3	3	3
128	3	3	2	3	3	4	3	3	1	2	3	1	3	4	1	3	2	3	3	3	4	4	3	4	1	3	2	1	3	3	3	3	2	3	4	2	2	3	4	3	2	3	2	3	2	3	2	1	3	4	2	2	3	4
129	2	2	1	3	4	4	4	3	4	3	1	4	2	4	4	3	2	2	3	4	4	3	3	4	2	3	4		3	3	2	3	4	3	4	1	4	4	3	3	1	3	3	4	3	3	4	4	4	2	3	2	3	4
130	3	2	3	2	4	4	3	1	3	1	4	3	1	3	1	2	3	2	2	2	3	4	3	3	3	3	4	3	1	3	2	3	1	2	3	1	2	3	1	4	3	4	2	4	3	2	1	3	3	1	2	2	4	3
131	3	3	2	2	4	4	4	1	4	2	4	4	2	4	4	4	1	2	3	1	4	4	2	4	2	3	4	4	2	1	2	1	2	1	4	4	2	2	1	4	4	4	3	4	1	4	4	2	4	2	4	4	4	4
132	2	4	4	1	4	4	3	1	4	1	2	3	4	4	1	4	1	3	3	2	2	4	1	4	1	2	4	3	1	2	3	2	1	1	4	1	3	1	3	4	4	2	2	4	2	4	4	2	4	3	4	2	4	4
133	4	3	4	3	2	4	4	2	4	1	4	4	3	4	3	3	1	3	4	3	3	2	2	4	3	3	4	4	4	4	4	4	4	4	4	4	4	3	4	2	1	4	4	4	1	4	4	4	3	3	4	4	4	4
134	3	2	2	3	4	4	3	1	3	1	4	2	1	4	3	3	4	1	3	1	1	4	1	4	1	1	4	1	1	2	3	2	1	2	4	4	1	4	1	4	4	2	1	3	3	2	4	2	2	3	2	1	4	3
135	1	3	2	2	3	4	1	4	1	3	1	1	3	3	1	4	1	2	4	1	1	4	2	4	2	2	2	3	1	2	4	2	3	4	1	2	4	2	4	3	1	2	3	3	1	3	3	2	3	3	3	4	3	4
136	4	3	3	2	4	4	4	4	4	3	2	3	2	4	2	4	1	3	4	2	3	4	1	4	1	3	4	1	3	2	4	1	3	2	3	1	4	4	2	2	1	2	2	4	1	3	4	2	4	4	3	2	4	4
137	1	4	3	2	4	3	2	4	4	4	2	3	2	4	2	4	2	2	3	2	3	3	1	4	1	2	4	1	3	2	4	3	2	3	2	1	3	3	4	4	3	2	2	3	1	2	3	1	4	3	2	2	2	3
138	3	1	3	2	2	3	3	1	3	2	1	2	2	2	1	1	1	1	1	2	1	3	4	4	2	3	3	1	1	4	1	1	2	2	2	1	1	3	1	1	4	2	4	4	1	3	2	2	1	1	3	3	2	3
139	2	4	2	1	2	4	1	2	3	3	4	2	2	4	2	3	2	2	2	1	3	4	2	4	2	2	4	2	2	2	3	1	2	2	3	1	3	3	1	2	3	2	1	4	1	2	4	3	4	2	2	3	4	4
140	2	4	2	1	4	4	2	1	1	3	4	1	4	4	1	3	3	3	2	1	1	2	2	3	3	4	4	2	3	2	4	1	1	3	3	1	4	1	2	2	1	4	3	4	2	4	3	2	4	4	1	2	4	4
141	3	2	3	2	3	4	1	2	3	2	1	2	2	4	2	3	1	3	3	2	1	4	1	4	3	3	4	2	2	2	4	3	2	2	3	2	2	4	3	4	3	2	1	4	1	3	4			3	2	3	3	3
142	3	3	1	2	4	4	4	2	1	2	1	1	2	4	3	2	2	1	3	1	2	4	2	4	1	2	1	2	1	4	3	1	2	3	3	4	3	3	4	4	2	4	2	4	1	3	4	3	1	3	3	3	1	4
143	3	4	1	3	4	4	3	4	2	1	1	3	4	3	1	3	2	3	3	4	3	4	4	3	1	4	3	1	4	4	3	1	2	3	2	1	4	4	2	3	2	4	2	3	1	4	2	1	3	3	4	4	1	4
144	4	3	2	4	4	3	4	4	4	4	2	4	3	4	3	4	2	2	4	3	1	4	4	4	3	4	4	1	4	4	4	3	3	2	4	2	3	2	4	4	1	2	2	3	1	4	4	1	3	4	4	1	1	4
145	2	3	2	2	3	4	2	3	2	4	2	3	4	4	3	3	3	3	3	1	3	4	3	4	3	4	4	2	3	3	4	2	3	4	4	2	3	4	4	4	4	2	3	4	2	3	3	2	3	3	2	2	3	4
146	3	3	1	3	3	4	2	2	1	1	1	1	3	4	2	3	1	2	2	3	2	4	2	4	2	3	2	1	1	1	4	2	2	1	2	4	3	2	4	2	4	2	3	4	3	1	4	4	4	4	4	2	3	4
147	2	3	1	2	2	3	2	3	4	2	3	4	3	3	3	2	3	3	2	2	2	3	2	3	3	4	2	2	3	4	3	2	2	2	2	3	3	3	2	4	1	2	1	2	1	3	2	2	2	3	4	2	4	3
148	1	3	1	3	3	4	2	2	3	2	2	2	3	3	2	4	2	2	3	2	2	3	1	4	3	2	4	2	2	3	4	2	2	3	2	1	3	2	4	3	3	2	2	4	1	3	2	2	4	4	3	1	2	4
149	3	4	2	3	2	1	1	1	2	2	1	3	3	2	1	4	1	3	2	3	1	2	1	2	1	2	2	2	4	2	2	1	1	3	2	1	4	2	1	1	1	3	1	3	2	3	4	1	4	2	2	2	3	4
150	3	3	2	1	3	4	2	1	3	1	4	3	4	4	3	3	1	4	3	1	3	3	3	4	2	1	4	1	2	1	4	2	3	2	2	4	4	4	3	4	2	3	4	4	3	3	4	2	4	3	1	3	4	4
151	1	3	1	4	2	4	2	3	4	1	1	4	4	2	1	3	2	3	4	4	3	4	2	3	1	4	4	1	2	4	4	1	2	1	4	1	3	4	2	2	1	3	2	4	1	4	2	2	4	4	3	4	2	3
152	2	3	2	2	2	4	2	4	4	1	1	2	3	4	2	4	1	3	2	2	1	3	3	3	2	1	4	2	4	4	4	3	1	2	4	2	2	4	3	2	3	2	2	4	2	4	3	2	4	3	4	2	2	4
153	2	4	1	2	2	4	1	4	4	4	2	1	3	4	1	4	3	3	4	1	1	3	4	4	1	3	3		4	3	4	1	4	3	2	1	4	4	4	4	2	2	4	3	1	3	3	1	3	4	3	1	1	4
154	4	1	4	2	4	3	4	1	4	1	2	3	1	3	1	1	4	1	1	3	2	4	4	2	1	2	4	3	1	2	1	1	1	1	4	2	1	2	2	2	3	3	4	4	2	4	1	2	2	3	4	1	4	2
155	3	4	2	4	2	4	3	4	3	4	1	4	3	4	2	3	2	3	4	2	3	4	4	4	3	4	3	4	4	4	4	3	2	2	4	2	4	4	4	4	3	4	3	3	4	4	2	2	4	4	4	4	1	4
156	1	2	1	2	4	4	1	2	4	1	1	4	3	4	1	3	1	3	4	1	1	4	1	2	1	2	4	1	2	1	4	1	2	4	2	1	2	4	4	2	1	2	2	4	1	2	4	1	4	4	1	3	2	3
157	1	3	1	1	3	4	1	4	2	3	2	3	4	4	1	3	2	3	3	1	1	3	2	3	2	1	3	2	4	1	4	1	2	3	4	1	3	2	3	2	2	1	1	3	1	1	3	1	3	3	1	2	2	3
158	1	2	1	3	1	4	4	2	4	1	4	2	2	4	1	2	1	2	2	3	4	4	3	3	2	2	4	3	3	2	2	3	1	2	4	1	2	4	3	4	1	2	3	4	4	3	4	3	3	2	3	1	4	3
159	2	4	1	2	3	4	2	4	2	3	2	2	4	4	2	3	4	4	4	2	2	3	2	4	3	3	4	2	4	3	4	3	2	2	2	2	3	4	1	2	3	3	3	4	3	3	3	2	4	4	3	2	2	4
160	2	3	4	3	2	4	3	1	4	1	2	4	3	4	1	3	3	2	2	3	1	4	2	4	3	3	4	2	1	2	2	2	1	1	4	2	2	4	2	1	2	4	2	4	3	2	4	3	4	1	3	2	4	4
161	2	2	3	2	3	4	3	3	4	3	2	4	2	3	1	3	2	2	2	3	4	4	4	4	3	4	3	2	2	2	3	2	2	1	3	4	3	4	4	3	4	1	2	3	2	4	4	4	2	2	3	1	3	4
162	2	4	3	2	4	4	4	3	4	4	4	4	2	4	1	2	1	2	1	1	2	4	4	4	4	4	4	4	2	3	2	1	4	3	4	3	2	4	1	4	1	3	4	4	4	4	3	4	3	3	4	2	4	2
163	1	4	3	2	2	4	4	1	1	2	1	1	2	4	1	3	1	3	4	2	3	2	2	4	2	1	4	2	4	1	4	1	1	1	3	2	4	3	4	1	2	2	1	3	3	2	2	2	4	3	1	1	3	4
164	4	4	2	4	3	4	3	3	2	1	4	2	3	3	2	4	3	3	3	4	2	2	1	4	3	2	4	3	2	4	3	2	3	3	3	1	4	2	1	4	3	4	3	3	4	4	1	3	3	3	4	4	4	4
165	2	4	1	2	2	3	1	3	2	2	4	1	4	2	1	4	2	3	4	1	3	3	3	3	2	2	3	2	4	2	4	1	2	2	3	1	3	2	3	2	1	2	3	2	4	2	2	1	3	4	2	3	2	4
166	3	4	1	4	2	4	4	4	4	2	1	3	3	2	1	2	3	1	2	2	4	3	2	4	2	4	4	1	4	4	4	2	1	2	3	1	4	4	4	3	4	3	2	4	3	4	4	1	3	3	2	4	1	4
167	3	4	1	4	1	4	2	1	4	3	2	2	2	3	1	2	4	2	3	3	1	4	4	4	2	4	3	1	2	4	2	2	1	2	2	1	3	4	2	4	4	4	3	4	1	3	3	1	2	2	4	3	2	3
168	2	4	 	1	1	4	3	3	3	4	1	2	4	4	3	4	2	4	4	2	2	3	1	4	2	2	4		3	2	4	 	3	3	4	2	4	4	3	2	3	2	4	4	3	3	4	2	4	4	2	4	2	4
169	4	4	2	4	4	4	4	1	4	2	2	4	2	2	1	3	3	2	3	3	1	4	1	3	3	3	4	2	3	3	3	3	2	1	3	1	3	4	1	4	1	3	1	4	4	4	3	2	4	3	3	3	3	4
170	4	2	2	3	1	2	3	4	4	2	1	1	2	4	1	2	4	2	2	2	1	3	1	3	4	1	4	2	2	3	3	1	3	1	4	1	2	4	3	2	1	3	2	4	1	2	3	1	2	2	1	1	2	2
171	4	4	4	3	3	4	4	4	4	4	4	4	3	4	3	4	2	4	4	3	3	4	2	4	3	4	4	3	3	4	4	3	4	3	4	1	4	4	3	4	3	4	3	4	2	3	4	4	4	4	4	1	4	4
172	2	4	3	1	2	3	2	4	2	2	2	1	3	2	1	4	2	2	3	1	2	2	1	3	1	1	3	2	4	1	3	2	2	2	2	1	2	2	3	3	2	2	1	2	1	2	2	1	3	3	1	3	1	4
173	1	4	2	2	2	4	1	1	3	3	4	1	3	4	2	4	4	3	3	1	1	3	2	4	1	3	3	3	2	2	3	1	1	2	3	1	4	4	3	4	1	3	3	4	3	2	4	4	4	3	1	4	4	4
174	2	4	2	4	3	4	2	4	4	2	1	2	3	4	4	3	3	3	4	1	3	4	1	4	1	4	4	1	3	3	4	1	2	2	1	1	3	4	4	3	1	2	2	4	1	4	3	1	3	3	4	3	1	4
175	2	4	1	2	1	4	1	2	4	2	1	4	4	4	1	3	1	4	3	3	1	3	1	4	2	1	2	1	2	3	3	2	2	2	4	1	4	3	1	2	1	4	1	3	1	3	2	1	3	2	1	3	2	4
176	2	4	1	3	4	4	4	2	2	3	1	1	4	4	4	3	3	4	4	3	2	4	1	4	4	4	4	4	3	1	4	4	3	1	2	1	2	4	4	3	1	3	3	4	1	2	4	4	4	3	2	1	1	4
177	2	4	1	3	4	4	3	3	4	2	3	4	3	3	2	4	3	2	3	3	2	4	3	3	2	2	4	1	4	4	4	4	1	1	3	1	4	3	2	4	1	4	2	4	2	3	2	3	4	3	3	4	4	4
178	3	3	4	3	2	4	1	3	4	3	1	2	3	4	4	3	3	3	2	2	2	2	3	3	3	1	2	1	3	2	3	2	4	3	2	1	3	4	4	1	1	1	4	3	1	3	4	1	3	3	1	2	1	3
179	2	2	2	4	3	3	3	1	2	2	3	3	1	4	1	2	3	3	1	3	1	4	2	2	2	2	4	3	1	2	2	4	1	1	3	1	1	4	2	4	4	4	3	4	2	4	3	3	3	1	2	1	4	2
180	2	4	1	1	2	4	2	2	3	2	1	3	4	4	1	4	2	4	3	2	1	4	1	4	2	2	2	1	3	1	3	1	1	2	4	1	4	4	1	3	3	3	2	4	1	2	3		4	4	1	2	4	4
181	2	3	1	2	3	4	1	4	2	1	2	3	4	4	2	4	3	3	4	2	2	4	2	4	1	4	4	1	4	4	4	3	2	1	2	1	4	1	1	3	1	4	1	4	1	4	2	3	4	3	3	4	2	4
182	4	3	2	4	3	4	3	4	4	3	1	1	4	4	1	3	3	4	3	2	2	3	1	4	2	4	4	2	3	4	4	1	1	2	4	2	4	3	2	4	1	3	1	4	3	4	1	2	3	3	2	4	1	4
183	2	4	2	2	2	4	1	2	3	2	2	2	3	4	1	3	3	3	3	1	1	2	2	4	4	2	4	1	2	1	3	1	1	2	4	1	3	3	4	3	1	2	1	4	1	3	4	2	3	2	2	2	1	4
184	3	3	1	4	2	2	4	2	3	2	4	4	1	4	2	1	3	2	2	4	3	4	4	4	3	4	3	4	2	4	3	2	1	3	4	3	2	4	1	4	1	4	2	4	3	4	3	4	3	2	4	4	4	3
185	3	1	2	4	2	1	4	1	4	1	1	4	1	2	1	1	2	1	1	4	3	3	3	2	3	3	2	4	1	4	2	3	2	1	4	1	1	4	1	4	1	4	2	2	1	4	1	4	4	1	4	2	1	2
186	2	3	4	3	2	4	4	3	4	2	2	3	1	4	4	3	3	1	2	4	4	4	1	4	4	4	4	4	1	3	1	3	4	1	4	3	1	4	4	4	4	4	3	2	4	4	4	4	4	3	4	4	1	2
187	3	4	2	3	2	4	3	1	2	1	3	3	2	4	1	2	2	2	1	2	3	3	4	3	2	4	4	1	2	2	1	1	2	1	1	3	3	4	1	3	2	4	1	3	2	4	2	4	4	2	4	3	4	3
188	3	3	1	3	3	3	3	4	4	3	1	3	3	3	2	3	2	2	2	3	2	2	1	3	2	3	3	1	3	2	3	2	3	2	1	2	3	2	2	3	1	2	2	3	2	2	3	2	3	3	3	3	2	3
189	3	4	2	4	2	3	4	4	4	1	1	2	3	3	2	3	1	1	4	4	1	1	2	2	1	4	2	1	4	3	4	1	4	1	2	4	3	2	4	2	1	3	2	3	1	4	4	1	4	3	4	4	1	3
190	2	4	1	4	2	4	4	2	3	1	4	2	3	3	1	4	4	3	3	3	2	3	4	4	3	4	3	4	3	4	2	1	3	4	4	2	3	4	2	4	3	4	4	3	1	4	4	4	2	3	4	4	4	3
191	3	3	1	1	4	4	3	1	4	2	3	4	1	4	2	3	2	1	3	2	2	4	4	4	3	4	4	2	2	3	2	1	2	4	4	1	2	3	1	3	1	2	4	4	1	4	4	3		3	4	4	4	4
192	3	3	1	1	3	4	3	2	3	4	1	1	4	4	3	4	2	3	4	1	2	4	3	4	2	1	4	2	3	3	3	1	4	1	4	2	4	4	4	4	3	3	3	4	2	4	2	2	3	4	4	4	3	4
193	2	3	3	2	2	4	2	2	1	3	1	1	4	4	3	3	2	4	3	1	3	4	2	4	4	2	4	2	2	3	3	2	4	2	4	3	3	3	3	3	2	1	4	4	1	2	3	3	3	3	2	2	2	3
194	1	3	1	1	2	4	2	1	4	3	1	1	3	4	1	3	2	2	3	1	4	4	2	4	2	1	3	2	3	2	3	1	2	1	1	1	2	3	1	2	3	2	2	4	1	4	2	1	4	2	2	1	2	3
195	2	4	1	4	3	4	4	3	4	1	2	4	3	3	1	3	2	3	3	3	1	4	3	4	2	4	3	2	2	4	4	1	1	4	2	2	3	2	2	4	1	2	1	4	2	4	2	2	3	3	4		3	4
196	3	4	3	2	4	4	4	1	4	1	1	1	4	4	1	3	3	3	2	1	1	4	1	4	4	4	3	4	1	3	1	3	1	1	4	2	3	4	1	4	1	4	1	4	4	4	1	3	4	2	2	4	4	4
197	2	4	1	2	4	4	2	4	4	3	2	4	3	4	1	4	2	3	4	2	1	4	1	4	1	2	4	1	3	2	4	1	2	2	1	1	4	4	1	4	2	4	2	4	4	4	3	2	4	4	4	4	3	4
198	2	1	1	2	3	3	3	1	3	3	1	1	3	4	3	2	1	2	3	2	3	4	4	3	4	3	4	2	1	3	3	2	4	4	2	3	3	2	4	1	1	2	4	4	1	3	4	1	1	3	1	3	2	2
199	4	4	1	3	4	4	2	1	4	2	2	3	4	4	2	4	4	4	3	2	2	4	3	4	1	4	4	3	2	4	4	2	1	4	3	1	4	3	2	4	4	3	2	3	2	3	3	3	3	4	4	1	1	4
200	3	4	2	3	3	4	2	2	4	1	2	3	3	4	1	2	3	3	3	2	2	4	2	4	3	4	3	2	2	4	4	2	2	1	2	1	2	4	1	4	1	4	2	3	1	4	2	2	3	3	4	2	1	4
201	4	4	3	4	3	4	4	2	4	1	1	3	1	2	2	4	2	3	3	4	4	2	1	4	2	4	4	4	1	3	3	4	1	1	4	3	3	2	3	4	1	4	3	4	4	4	3	3	4	2	3	4	1	3
202	1	4	4	3	4	4	3	1	1	3	4	2	3	4	3	3	4	4	4	1	4	4	4	4	3	3	4	4	3	3	3	1	4	3	4	1	3	4	4	3	3	3	4	4	4	4	4	4	2	4	3	3	4	4
203	1	3	1	2	3	4	1	2	1	1	2	2	3	4	2	2	4	4	2	1	2	2	4	4	4	3	3	2	2	2	3	2	1	3	4	1	3	4	2	2	2	4	1	4	2	3	2	3	3	2	1	2	1	3
204	1	2	1	2	2	2	1	2	3	4	3	1	4	4	1	4	2	4	4	1	4	4	2	4	1	2	4	4	4	2	4	1	2	4	4	2	4	1	4	3	3	2	1	4	2	3	2	1	4	4	4	3	4	4
205	2	3	2	2	3	1	3	4	4	4	2	3	3	4	2	2	1	3	3	1	2	3	3	3	2	1	2	2	3	1	3	1	2	2	1	1	2	4	2	1	1	1	4	2	1	2	2	2	3	3	1	2	2	3
2052	2	3	4	3	3	3	3	2	3	2	4	2	3	3	1	3	1	2	3	3	1	3	3	4	3	2	3	4	2	3	2	2	1	3	3	1	2	4	3	3	4	3	1	3	4	4	3	2	3	2	3	3	4	3
206	1	3	2	1	3	4	1	4	2	3	2	1	4	4	2	3	2	3	4	1	2	4	1	4	2	1	4	1	4	2	4	2	3	2	2	1	3	3	3	2	2	1	2	4	2	1	2	4	4	4	2	3	4	4
207	2	3	3	2	4	4	2	1	2	3	3	2	1	4	1	2	2	1	2	2	3	4	3	4	2	4	4	2	1	4	2	3	3	4	4	4	2	4	4	4	1	4	3	4	2	4	4	3	3	2	3	4	2	3
208	3	4	2	4	3	3	4	2	3	2	4	4	2	4	3	3	1	3	2	3	2	4	3	3	2	4	4	2	2	4	3	3	2	1	3	2	3	4	2	4	1	4	4	3	3	4	3	2	3	2	4	4	4	3
209	3	3	2	2	3	4	2	4	1	1	2	2	4	3	1	3	2	3	3	2	3	4	4	4	1	3	3	1	3	2	3	2	2	1	2	1	3	3	2	4	3	4	2	3	1	4	2	2	4	3	4	2	2	4
210	2	3	2	2	1	3	3	2	4	3	1	3	3	4	2	3	1	3	4	2	2	4	3	4	2	3	3	1	3	2	4	2	2	1	3	1	3	4	3	3	1	3	2	4	1	3	4	1	1	4	2	2	2	4
211	3	4	2	3	4	4	3	4	2	2	1	3	2	4	4	4	4	3	4	3	4	4	3	3	3	3	4	4	3	2	4	1	2	2	4	1	2	4	4	3	1	3	3	4	3	2	4	3	3	4	2	4	4	4
212	3	4	4	3	4	4	3	4	4	3	4	3	3	4	2	3	3	2	3	2	2	4	4	4	2	3	4	3	3	4	4	3	2	1	2	4	3			3	2	4	4	4	1	4	4	3	3	4	3	4	3	4
213	2	3	1	2	3	4	3	4	4	4	1	4	2	4	1	4	3	1	3	1	3	4	3	4	3	1	4	3	4	2	4	1	2	1	4	2	3	3	3	2	4	1	1	4	1	1	4	3	3	2	3	1	4	4
214	1	4	2	1	3	4	2	1	2	3	4	1	3	4	1	2	2	4	3	1	2	3	2	4		2	4	2	1	2	2	4	1	3	2	2	4	4	2	4	2	4	2	3	1	2	4	3	3	2	1	1	4	3
215	4	4	3	3	2	4	4	2	4	1	1	2	1	3	1	2	1	2	3	4	4	4	3	4	4	4	4	4	2	3	3	2	1	3	4	2	2	4	1	4	1	4	1	4	1	3	2	3	2	2	3	4	1	4
216	2	4	3	2	3	4	2	1	4	2	4	4	3	4	1	4	4	3	3	3	1	4	2	4	1	4	4	4	1	4	2	3	1	2	4	1	3	4	1	4	4	4	1	4	4	4	2	3	3	2	4	4	4	4
217	4	3	2	4	3	4	2	3	4	4	4	2	4	4	3	3	2	4	3	3	2	4	3	3	2	4	4	4	2	4	4	2	3	1	2	1	2	1	2	2	3	2	4	4	1	4	1	3	4	3	4	3	1	4
218	2	4	3	4	3	4	4	2	3	1	4	4	3	3	4	4	1	3	4	4	3	3	3	4	2	4	4	1	3	4	4	2	2	3	3	1	4	4	3	3	2	4	4	3	2	4	3	2	4	3	4	3	4	4
219	4	4	4	4	1	4	4	4	4	4	1	4	2	4	2	4	4	2	4	3	1	1	4	4	2	4	3	4	4	4	4	4	3	1	4	1	4	4	4	3	1	4	3	3	4	4	3	4	4	3	4	4	3	4
220	3	4	3	2	2	4	3	2	4	2	2	4	3	2	2	3	1	4	2	2	2	4	2	3	1	2	3	2	3	2	2	2	1	1	2	1	3	3	2	2	2	3	2	3	2	4	4	4	4	2	3	1	4	4
